0.28411718261548763
0.15780361715085342
-0.1358700096307441
0.07521387985598324
0.29555805099083726
0.16687748945992037
-0.14438975522429628
0.04714884235534649
-0.07360680760312655
0.21308835340268042
-0.6726673409078404
-0.7250126803876357
-0.3443942222243203
0.10996839841378722
-0.11909054933656119
0.05702637503323627
0.299728313482023
0.31438569380626374
0.24680079444425934
0.5104461089351842
0.5728476542502271
0.49709749356502114
0.7018458729205982
0.787734763005754
0.7866720726478228
0.727478081071829
0.8632359935498486
0.5184515663706895
0.36567629992808004
0.22724423487004058
0.14486290885486053
0.49641076770246495
0.3520948897241981
0.5350939574478507
0.46094931864964395
0.21215135840093963
0.4919557439540453
0.3143054525310786
0.3298543471416692
0.4115242143715804
0.49204268939409945
0.8318774477643096
0.6315036061899953
0.31575863741831023
0.3028217672236138
0.013710727493093388
0.3865325487019263
0.45474116232732265
0.5744856146284698
0.41444570986800955
0.3114052524137245
0.2437956814715712
-0.04194842561163705
0.30439980683074186
0.07914350565682732
0.2311996916112815
0.27824364051339473
0.0767384396431959
0.6012338139827346
0.5211302006280774
0.5992450894847939
0.0282601028485656
0.02457620381718718
-0.043977272504717835
0.16311330925413084
-0.17326801077250686
-0.05126650349838958
-0.33191797713128446
-0.6035630413057876
-0.5886776441728623
-0.06507917441328043
-0.5172115202426407
-0.06462919633268127
-0.12579860112188884
0.4182177595324765
-0.22221538034065272
0.039643199825160624
0.44014835500189375
0.608776351528271
0.5206885554979173
0.5960835674810392
0.7183027638692797
0.731190680931533
0.3620654443286886
0.7409308803598702
0.9386211696561143
1.0427278501392883
0.9727648053454866
0.9457531971942794
1.0718507743776151
1.0739153637990275
0.9795124245427018
0.7332071583829317
0.8242356204986234
0.05180598119758702
0.3239449108250718
0.524276718083588
0.5710040419032999
0.7397211727400177
0.6387599383619924
0.6770848056448009
0.647860715102419
0.7790719463151027
0.5956181690069662
0.6771480048322231
0.9576566398543686
1.0912020027553337
0.9736621589467186
1.032974987006268
0.8331704933192897
0.9000737296151362
0.7703854520017204
0.9752801008596694
-0.10948140524817754
-0.37943322854590145
-0.4581377556583763
-0.39715752331433546
-0.36083544298050063
-0.21953004499651566
0.04517493859308575
0.2281637324501713
-0.07813301242607316
-0.3053786520270169
0.15367884363185277
0.09621941707150079
0.17615599048014038
0.39262504085458577
0.6179075404902434
0.8565100216735777
0.5010601873979915
0.9821377646768544
1.2319893232334396
1.1543649967117071
1.1436560732459353
1.1146821959788262
1.2563351436134969
0.8250333592415622
0.7859429940830315
1.2916637433538618
0.7567863532316911
0.8672933215590986
-0.7893216289102664
-1.2530944192645843
0.3230091819440231
0.6137635630629634
-1.1875412152060667
0.39262871836608576
0.23333993423225624
0.49524819806010495
-1.9667042773842445
-2.8292612200268508
-1.653280918613879
-1.170683683708025
-2.130857456416119
-2.019803124074598
-2.7752006481739295
-2.1271864750502134
-1.9872888697323217
-1.9137953156392722
-2.599237150239059
-3.859936297933598
-1.9292884403266968
-0.4328156010369665
0.05217146783421459
-0.1466879286619898
0.14775755171054974
0.5746194121821083
0.4971744328421468
0.7829611312087148
0.8122837123266219
0.9966350935331918
0.8401065881964785
0.4603166336996975
1.1606165670085853
1.1606390115960596
1.0716406953910653
1.0585109830194919
1.2580953961102121
0.7125556404639288
1.0852487294980278
0.7281683171949919
1.1925282696454471
1.2232428746670085
0.13043799794735256
0.8114059992918122
0.8089605451777839
0.8851974143929634
0.21971686623136436
0.676312149870794
0.5262370513448699
0.6017929804578382
0.9095930802151332
0.8063569487123403
0.47499529745151164
0.5778504502166628
0.22762319682620688
0.0027317075322484553
0.21305595151665688
-0.950541219091646
0.07599715957670114
-0.23944490975696586
-0.016633166180545368
0.14057514859721082
-0.3759552959624973
-0.6125135269104709
0.029105215256156967
-0.38417159062519457
-0.17989758427950614
-0.5097485957677427
-1.4657325413671203
-2.8671844463991825
-1.1258022454809113
-0.12191208341031602
0.1684662148090922
-0.11803896699418101
0.29930433013355096
0.3539416603442992
0.38544920050780257
0.4911700441537361
0.3988991184092162
0.5843628814081734
0.8726533573019465
0.04721214340578664
-2.1018855004263353
-0.6174231546202699
0.536604744279537
0.3908439452602755
0.8171310566027274
0.48795853313847487
0.01790481449799246
-0.08111029022848745
-0.9632727591942394
-2.1916220790238254
-1.7719630829210697
-0.9837914176108582
-0.6229677987081057
-0.7790197176511663
-0.10500522541804154
-0.0866342381223204
0.04842513737035845
0.440844643030279
0.4526327431588365
-0.7513928820689948
-1.827586929961366
-1.809995222499642
-1.190412538041131
-0.8969264326655185
-0.3482207274417503
-0.5688475404325434
-0.24262002407254646
0.251040908518094
0.4574668272240898
0.01737550688623748
0.22433318438032326
-0.8529688821508015
-0.10245190078570256
0.20234530394415648
0.387563083036851
-0.512425981015056
0.02200237456563922
0.26264977466768363
0.3453025808174301
0.673748256535837
0.18835396680319516
-0.07765948439306827
0.9302875982152475
1.0433389487331068
0.471910124546117
0.3276463148053796
-0.2669153682011817
0.5100261535030046
-0.20046470099585018
-0.0024000842572123745
-0.1186575593011257
-0.15590073814945193
-0.5249751586042042
0.016377279466757516
-0.6494248986842118
-0.6959529560329512
-0.9510022369126401
-0.5107525025774526
-0.8531514397028385
-0.8216127701419244
-1.0151186600775017
-0.6120491511643403
-0.9655251019475222
-0.37934664750815816
-0.1477115635391117
-0.02843182738605306
-1.3683407442388862
-0.37975493779080144
-0.6062191363425453
0.22371842849950957
0.5364591162580745
0.04282645306447917
0.2876743049953894
0.28388287212229085
0.5978002248250519
0.6864681432932397
0.7863536887812381
0.3931700614563159
0.6865318854375337
0.06611352458480206
-0.7384887343715754
-1.4359375086128636
-2.3187968645877284
-1.2311517875690738
-2.6006284192085563
-0.4127251729445287
-2.665595391111002
-1.7378139900732463
-0.4669847724003177
-0.5143275986382649
-0.22062536364905155
0.22420072790844373
0.19917987564349404
0.4840569459189487
0.4950338051317289
0.3920905609033726
0.2633935211093088
0.1484768232614104
0.27190810089489614
0.5070324330337497
0.6771611379552197
1.2350549507614417
0.24586150467610499
-2.425089084972538
-0.6091466633841265
-0.3937669280185081
-2.7702321248943598
-0.2745428744012567
0.10002045723673184
0.10576309684921821
0.05345367926360517
-0.19610376234497007
-0.32950473254927337
0.04678969047565478
0.34337020510896815
0.4104550599861735
0.33710149112011384
0.17781326409866602
0.13200770969969886
0.6800417228663451
0.8127802691212602
0.49810158986957387
0.7865239492280569
0.8831996845312503
0.5373765529157581
0.6186042613470616
0.43135054161514785
0.48935858512451946
0.04570621266468316
0.32638490180428154
0.49328232913686476
-0.7836078568612611
-0.4281560576898878
-0.15987325712817607
-0.6155514999231816
-0.17595332780532533
0.7789566815542669
0.9178702477086079
-0.41421041890933574
0.20586599404149156
0.5037218051920525
0.2801496634700247
0.7286686418868752
0.7499428768078431
0.43517491955192616
0.040397950540991205
0.8092550246462623
1.6834700208553603
0.46236407778059196
0.6771639667667995
0.7889361326043972
0.8971043604993225
0.9791322891451949
0.7913335341572663
0.9720222998100416
0.8559689870007061
0.2257811916623631
-0.2448989396303817
0.26242008391983257
0.5289954411788537
0.6314528202823857
0.7288200188942855
0.18148006105847236
0.645004491077872
1.0665433318657105
0.684433420711376
0.7630372543497562
0.779283067029152
0.3731370909446001
0.5091644653552954
0.4525425178498153
0.7364825820827839
-0.3002815874194403
0.3617525690569908
0.7105097561593948
0.6974729418889691
0.46237533612532183
0.018451940692602076
-0.7834643908288689
-0.1443130247494339
0.23617806560497598
0.6639128487466558
-0.1925043082504818
0.11572582481598512
0.051301788459543717
-0.24507324118527218
-1.6590937273797033
-1.497688369734374
-0.3812623733646427
-0.07061598571134632
0.3265944547699039
0.0710671410682047
-0.5411920000723931
-0.3589511099814399
-0.10327997980895139
-0.2794190388688498
-1.7652342329485466
-0.31880292673117033
0.10364899367410181
0.019319246718393218
-1.279448914935989
-1.2695901715381737
-1.3011333254630881
-1.0493288270598342
-0.6973837591999359
-1.0417294056532473
-1.9309488690183163
-2.3694932197975467
-2.453890759698595
-2.0623954341013295
-0.862253197962108
-0.38140264361433956
-0.14787213065757815
-0.29932217535969097
-0.370723928001466
-1.1726774655917513
-0.7415703552674637
0.016249745556667167
-0.8448189447450561
-0.73934861998484
-0.30650419798578077
-0.09022494471931346
0.4661723491697944
0.2693829664739618
-0.6185297957215153
-0.17416105796219244
0.28326868610062184
0.5102333105997087
0.4791100039829904
0.5923140293112825
0.5776156312026118
0.7775147328347296
0.7405334990771291
0.3613583965782524
0.5913393575781956
0.3921231235340344
0.23531572375052093
-1.1618185068732472
-1.951586227556309
-1.2987998841146409
-1.392280132457413
-1.7938613539582315
-1.256243194363983
-0.28134468204271446
-1.0148890684082004
-0.7138389184458447
-0.6859259301981369
-0.5690644120257671
-2.379404314249742
-1.2170619186131424
-0.6962090754452767
-0.26452574914435134
-0.33892133711469097
-1.440171693234231
-1.495413740170918
-1.2726326663866538
-2.0242861630139215
-2.464148493109624
-1.5504644667388472
-2.5232129727376593
-3.3468990970280865
-1.2653656767668184
0.2759335177362082
0.37688476517045705
0.057603610490709306
-0.21384463850948
0.29009054458178907
-0.23478723955472913
0.01724101121556486
0.4625919031838745
0.5406969255837533
0.4135247067273248
0.674175127329386
0.38659112047634797
0.6463504672084679
0.5212306367644841
0.41153186586015694
0.5459022420901263
0.10412269372541692
-1.6154116600804445
-0.8915535081461721
-0.5019166963340658
-0.12287652646333881
-0.23935066438334776
-1.3526545623366943
-0.8964307524448843
0.3660850502462007
-0.32681807909931176
0.5173748021732281
0.7448774667624005
-0.31439697666630634
0.5019744271426183
0.5897554152383565
0.9180065002077251
1.0550613053813378
0.8562463430689897
0.9449838740217185
0.7689987242963571
0.7210325173206518
0.524083050861294
-0.268873900217194
-1.7342080828480493
-1.106560361336162
0.21481636151505382
0.6888633105566054
-1.594673163194846
-0.8761244866060091
-0.5776552940782276
0.13807780792939836
0.35385536928533756
0.34064853205800777
-1.6059631922888549
-2.5577762805644397
-0.48302067084528844
-1.9019406275535524
-1.1744013842677172
-2.017627878001589
-3.326782163898086
-0.9296490698183679
-0.5765172107358562
-0.9842257930282897
-0.14631619729115086
0.3435392455069146
0.31833914424654913
-0.11196524898133586
0.2923673131805969
0.38940506725066226
-1.2454602510430903
-0.45189369715666117
-0.18092397067632257
-0.2476138612030657
-0.7054195903645963
-2.2805011852786947
-3.5065734741210557
-2.219561110962852
-1.758195174820379
-0.9004827237262907
-0.3336139189160318
-0.5340217070164408
-2.317514566236076
-1.405743899511288
-0.2775049679678339
-0.13168730827050798
0.20157979976109086
0.4083235154304453
-0.23682687551095075
-1.0726633498742462
-1.0358678573968108
0.2188458463237682
0.5122279896976621
0.13448771210386837
0.3805120033593785
-0.059533795632085
0.28080207921888845
0.018941523736343627
0.13454971397137003
-0.16236290994124594
-0.43074854009427166
-1.688205904431198
-2.2546115506628306
-3.6586692461357666
-2.6627712711775695
-1.1428673891881365
-1.0655005504564177
-2.007550562607765
-2.358702635850066
-1.122691495234488
-2.112194636678999
-3.145902162087893
-2.002145021337739
-2.598527632142866
-1.7885459952038092
-0.014351240215777853
-0.8733230104472631
-0.46242260608579333
-0.4005454800669621
-0.9727951478692931
0.20162402487755018
-0.13287984481873436
0.41919568421783243
0.718273495594978
0.729694448709515
0.18341354006645558
-0.2955213299949931
-1.224162248943
-0.28893007836083756
0.02241199464053646
0.21197724718688762
0.14463242872684062
-0.30523680096300826
-1.19251165116568
-2.2731635099749674
-1.322735164883821
-1.3980323685091796
-1.219116017972035
-1.0162649066510316
-1.493433564652264
-2.8236807440733243
-3.8111122019530637
-1.652453163267284
-0.7367475896684172
-0.6917760854966227
-2.0136027147174573
-1.488501670400313
-2.2668565968274716
-1.9968115176133967
-2.1695364437872877
-0.8219924148852376
-1.1706993166213673
-1.8600629432349456
-1.777909736397644
-2.16460383692169
-0.6971427718966783
0.008525109729722076
0.3763898584468148
0.3733293052623659
0.33384266404522517
0.35923768238544307
0.43043576496032243
0.141788423921406
0.27940128571499573
-0.8904292195049727
-2.9667431952501113
-1.8555623081847343
-0.8874435221114846
-1.2045542597636638
-0.9551856596365408
-0.7505830582046086
-0.4575378045084503
-0.8740751349562204
-0.9037677653944494
-1.1146871891431107
-2.053731504392049
-3.1601266739312477
-2.9496918627993134
-2.1957205103311237
-0.950029563408516
-0.5841647920443179
0.03114022826846713
-0.06863627659421198
0.05652012817278962
0.24907859468372245
-0.451829578688481
-0.029146895473034277
-0.04960562333786624
0.511498925758267
0.14023483634654146
0.509613744805606
-0.10847151462526583
0.46672797314750825
0.46269776109174177
-0.032563897280398574
0.18714547366347287
0.3664598096915836
0.4418894658112916
-0.5838788834050391
-0.06267597821193752
0.16750535905633884
0.28345525328022375
0.3999019636636568
0.49735503947838744
0.1427240239296111
-0.33097439882691954
-0.6123757084944997
-0.4791591843575637
-0.3515245491219481
-0.31021450277729623
0.3403059934504341
0.46168070432727865
-0.15746862337618436
-0.5403401702791116
-1.9680962454655804
-0.1165160457341319
-0.36753515686419724
0.25465674300615615
0.13109016504860044
-0.06018038037403774
-0.5924261468308428
-0.8669711133618129
-0.9429652903927846
-0.2309821120726836
-0.33626557720277384
-0.18239912752204737
0.1636867990863245
0.4425049972313937
0.38194365756649773
0.2729190940157851
0.32314922750999486
0.135986479402097
0.2458777079133153
-0.05656813069339334
0.17417718564281826
0.27802684519031456
0.4062627680215139
0.16935738636587994
-0.25596882957362843
0.24422848422470428
0.37188148177193764
0.22530009908053544
0.1552208870548341
-0.020626176030509612
0.39203061726324023
-0.19179177327280514
0.06701636696375947
0.2708172711692668
0.1256453845512525
-0.8262233930832258
-0.33224446375435496
-0.2821290935045038
-0.03995336421870038
0.005785977072703119
0.028003420272556007
-0.016147256184765174
0.024167745754491023
-0.12027723796202199
-0.4337547888948486
-0.6859098821334129
-0.3381001387063145
-1.1248139202316525
-0.16414204471173446
0.5332564677214708
0.4624548367775842
-0.15082316457887507
-0.6328610104066329
-1.4412094410478355
-0.4617589396727865
-0.16988110195248682
0.06356384222828683
-0.11250883141125248
0.15428852504762552
-0.36507685851544863
-2.01318448544707
-1.9029007845515205
-0.5254248284241904
0.13543617859229098
0.026391722166174632
0.3380018275154672
-0.011613278435066415
-0.14971461642306635
-0.11433353554726046
-0.0033488258947381652
0.04998332083509199
0.06847731309544984
-0.502188852583861
-1.1838878924309884
-0.20721101964025584
-0.35339250131809036
-0.004680496879083245
-0.08665010502405014
-0.39866128344596163
-0.08220737000716807
-0.14264313072335483
-1.97512344112715
-2.343562152456017
-1.6592740951022653
-0.1495973158809027
-0.09410558163782748
-0.25393301054030826
0.2495296239904084
0.4261261950611645
0.5094465083426063
0.14596592304551317
-0.4501077317969908
-0.6548492989030368
-0.28042923600770037
-0.8631371905471824
-2.3889465263115826
-1.6168939465951642
-1.265642368181759
-1.1054213844294003
-1.7100241071412896
-2.973315824985953
-1.7678523063560405
-2.524464555524707
-2.731894240277734
-1.1758321252255917
-0.39527950918116106
0.2042649445930759
0.14110289884733018
0.3487048454709681
0.2940157732627558
0.22393132405173213
-0.6239164377719496
-0.7249229659338023
-0.01792275955278993
-0.035168375224618305
-0.5367171459240301
-1.8086591633620377
-1.2693826447814203
-0.016643018338400744
0.17322011933125225
0.5728373612551346
0.5151887459344922
0.35482170586666956
0.6383415124058774
0.7259878180814497
0.8668296559335098
0.7974190277411591
0.406555906011449
0.6720180272825055
0.6876452028558725
0.835006696773048
0.1219936231043482
0.38546640087775147
0.4825564831276261
0.611536418880451
0.47129198027023067
0.3790211361059192
0.2627067665086746
0.5525426916296545
0.4965165022408712
0.21191945820341168
0.5442104520434112
0.11325933236963626
0.2779117245814998
0.3073593141261246
0.07326475733100268
0.40802874864075944
0.6710065797681102
0.620898724500828
0.15992969019499576
-0.16779194555795962
0.07817930976700455
-0.6291272223357209
-2.1672578330579624
-2.95701884595674
-1.2060541621852376
-1.3382737979307153
-3.006781937992055
-3.4528791339023854
-0.871850798014171
0.12020100940365754
-0.2367599374659234
0.05819474934949295
0.2698995063330773
0.29513748056915523
0.2115252574275331
-0.8741562180022969
-0.717915928280265
-0.16866532363218284
-0.09266421762375078
-0.23687704130578544
-0.09908046721030582
-0.5992352015915507
-0.08510282918873749
0.11401388018734719
-0.7525136707499941
-1.9390644000422221
-0.9842982202987623
0.3323233148872638
0.23435767786884276
0.31121569300284113
0.516608703284555
0.7151846884602839
0.12573577888356874
-1.3037334829173959
-0.49096497644997245
-0.019736047579830805
-1.1958847691956245
-0.26036523054949046
0.14406308337962384
-0.07956747622696517
0.26160884959226827
0.13509423105645665
0.18231854160394306
0.3299928784772678
0.3053149695818129
0.2581437210944757
-0.06281802489479109
0.30824461446370044
-0.06091210593057399
0.06893688714239303
-0.15096451595760765
0.06804281035726703
0.18957431527878435
-1.422026331581502
-2.533662809252874
-2.621080840082377
-0.8222420492642353
-1.5331171688379386
-0.16695059284138974
-0.3571222081635271
0.13160054358683865
-0.07208112686649837
0.13899873159797962
-0.1815639571918929
-0.040701875648535564
-0.008171224343485856
0.02728971716945862
-0.8415076111087983
-0.3700247323794484
-0.500214003145642
-1.2465139518904755
-2.427657347346485
-0.91574524653809
-0.2765052725421123
-0.7453408109346281
-0.5174793675459691
-1.8605366863891164
-2.553695309919105
-1.710088811174528
-0.378771734394658
-0.4740970860340702
-0.09035504989621013
-0.5472729559162364
-0.5514036633469424
-0.34403251620325576
-0.006036897557680472
0.13918866930018728
0.1406003334269666
-1.3324396798027598
-0.35840908727226684
0.17810061847048175
0.07391357823924334
0.3272570043127371
-0.269435140440911
-0.5286904996184576
-0.7072274215462901
-1.0341281018061417
-0.6354257579639594
-0.41712394132091357
-0.25069094137730624
-0.690932834073683
-0.03916996688688969
-0.06109660072474496
0.3666186630791944
0.690878080046059
0.5508769658939279
0.793130737511927
0.534929053407911
0.671444771270771
0.49167268361870176
0.14991722591888382
-0.015382908439637914
0.12345569764695649
-0.525138455240405
0.14286076883633153
0.008237087391297524
0.12791905637896148
0.4638766885954286
0.30658026682447764
-1.2067390220989807
-1.8982761911470785
-0.011500545202168035
-1.1775883285862097
-1.3510463194435895
-0.5315407787112345
-1.1402795992206012
-0.7410200132434714
-0.2012977172950244
-0.22341475942699396
-0.3551642771464455
-0.9294559791531156
-1.2596242897470824
-0.7946597408378208
-1.904642597746005
-3.0246191631119714
-1.8315984477624743
-0.06594476868574849
0.19512313282116278
0.011785549165615953
0.26211441079483133
0.31495858899450546
0.4537277884302596
0.39610389941039587
-0.22482151999931138
-1.1115121894813318
-0.16884631476905998
0.2230222431479893
0.15487179142085056
0.1064311052110862
-0.9211813328164871
-0.27171225043210284
-0.3106061572577272
0.1520397264784276
0.4624977732322462
0.07173584659984134
0.49505145591212124
0.3114917846440286
0.277940055631847
-0.06873102073956361
-0.7386527170705869
-0.5440522278620885
-0.6625469552749061
-0.05104417173645369
0.13165731335445732
0.5262838042467998
0.1571429537950794
0.46947927376298737
0.6859946169390495
0.9321389980315312
0.7533756043034516
0.941403438525711
1.075593966853492
-0.23863745583854898
0.6469806071537338
0.5134509442813328
0.7112837511850859
0.24754882288472008
0.019676843755734377
0.3546498898550921
0.097423602196618
-0.15791142017139295
-0.33263630452904447
-0.28311991575122014
-2.7233425397450306
-1.8218953476871091
-0.1610583709053281
-0.28252286736174076
0.07680830716679449
0.2672047368976914
0.4453437719569779
-0.9046767739379398
-2.7185464641915154
-0.9649450501687483
-1.6355578560309454
-1.9179799930563082
-0.6094750904214995
0.12114312872078563
0.4587398865915329
0.32253095096634865
0.15782478728181368
-0.4117865466123069
0.0015090381138607705
0.3484127685602262
0.25588011546107375
0.2505130700488684
0.4476324382558342
0.6489773398706551
0.27353218874514595
-0.2515471624423288
0.16214713156688662
-0.8840915886927726
0.06250705539961866
0.32018805943337103
0.07398763475994731
-0.7699821524885223
0.2486983903062625
0.3254908728932806
0.18388033004408832
-0.5469485849312256
-1.0645652556984047
0.38207503792410036
0.6471236509176355
-0.34514718240536
-0.689752418750804
0.07180288845165347
0.5456842795210471
0.5901182085570178
0.3684113925830747
-0.4425850338245066
-0.20779671293119756
-0.02021111336992198
0.016398736681683103
-1.5581408287040535
-0.22607722315603623
-0.28894006642703485
0.21968479037294722
0.004246295190322742
-0.6176291643185557
-1.4619413794135099
-0.05380105475817035
0.5640615096699961
0.4954145882375477
0.4218011572115546
0.6476605850343825
1.0673351030363127
-0.09202606110698867
0.23826051509181193
-0.3410973025585293
0.22703681049277005
-0.3663117604868267
0.6930093399278024
0.3928661052440334
-0.5990960063779998
0.08087584926892663
0.1560048376235156
0.0028220091343937326
0.27381344913047884
-0.29365086433252746
0.6328249624614956
0.8306335712708778
-0.08775215278498306
-0.5941805491528229
-0.7815613531201708
-1.118234171739247
-0.8330059972073984
-0.7640666990567399
-0.19365770984069594
-0.10006690744330246
0.16705245457355777
0.18572266574946897
0.03056751009162223
-0.5629300566879144
0.20303732776105493
0.1391342125773119
-0.19124888770143608
0.304274420559362
-0.12246476751642373
0.4463971471738933
-0.04880514767138853
0.3898251236939231
-0.5021460595317004
-0.7214688696166719
0.038770047031077795
-0.0067649884086646616
0.10456191111410498
-0.29480142371141344
-0.5448586328975338
-0.15358842773450324
0.3723114217361413
0.3527018331948007
0.6488905039085516
0.3625015857640791
0.17601658849049648
0.44704849051653767
0.5777150744024901
1.0435967223767777
0.6982695583858982
0.6844920834943654
-0.7833916086901467
0.016404386856116924
-0.7220787198975482
-0.07309798462220456
0.214664846521079
0.46016243313503274
-0.16611466794545002
-0.8075583021030274
-1.7293549662776955
-0.8347303372743249
0.04106238478306698
-0.11158869835539166
0.09520837627408105
0.21574144984673063
-0.16805750734881808
-0.24627568594949134
-0.0011480891615264985
0.1482631719903293
0.010547709196280631
0.43623606402827336
0.31634652210882613
1.0424488232128768
1.0118054131784664
0.9659984607526113
0.9561219327993644
-0.1693624075531756
-0.4075907185461326
-0.2583054762178237
0.026358316549698117
-0.25889017382561735
0.25247016401638306
0.48648889986415544
0.8692963026145487
0.9340018117862195
0.9175515244064988
0.9410599978334346
0.4782180157255377
0.7857577863486491
0.7570715032028938
0.660176329110289
0.3970829499872101
0.39683959938634333
0.16376512082345523
0.2581266601887998
0.5139864727947245
-0.46077381492975744
-0.17323961270012972
0.15903219151003858
-0.4922873916187657
-0.4317989623072376
-0.5144703919503854
-0.2354928960088989
-0.778001543951492
-0.27842581469138045
-0.08747598720978951
0.11364998170935381
0.12271808017540164
-0.2555499985419
-0.22176313455876623
0.047931662106786795
-0.3465023620511445
-1.2292803118018676
-1.6422725116566803
-0.9678782149511085
-0.7403201318347686
-0.4127402065248816
-0.3881164441834005
-0.4751535913808232
-0.7103160991938852
-0.7730159683104411
-0.3579091445144987
-0.12374562673775712
-0.005561318831986092
0.2857413857670921
-0.12374740117039414
-0.08395997603039006
-0.02336411222960902
-0.3490821516592748
-0.3400150334261255
-0.5811236838080979
0.2910327765373671
0.42511392543771964
0.4091209623096061
0.4516144201619592
0.5807609844232091
0.1564130882528529
0.43830926439615336
0.39461571024498954
0.6181675694102111
0.6873303268587919
0.43185666188776833
0.42767504410029744
0.4384737879804368
0.22782256279493862
-0.3713419310556501
-0.3647993607247608
-0.028655168475744477
-0.344355996437957
-0.18272337509731507
-0.10486799186220104
-1.4269270901805382
-1.748110875044962
-2.2234064260707678
-2.7448104348094784
-2.5523570893726086
-3.226518032785015
-1.966345435390165
-0.6328828780401378
0.08913209247550644
0.14637747379962848
0.3491881401547158
0.22641572329692616
0.3401669595614114
0.5161469984912522
0.6408673644701494
0.45715350294122115
0.18448324394084295
0.16330259174275488
-0.023092032642668122
0.2966811529354531
-0.1671144713775523
-0.16119156362527662
0.32414291504465964
0.20727613709560896
0.04523006217246233
-0.534767220133384
-0.24687993415597764
-0.12463719197284712
0.28767619506188913
0.372445259973547
0.4889066378905532
0.5736320951830598
0.45924669037125104
0.37789368157485687
0.5220649169581147
0.40812712817649344
0.04646420310397689
-0.050020842962977284
0.28638674293506206
-0.4442260456492369
0.012439875557538003
-0.4234904509991017
-0.07568057063934336
-0.8466358091696814
-0.2890211438960419
-0.4092802229363561
-0.7810952151375286
-0.5214838572847479
-1.3942626848069803
-1.7733694727122
-1.5578751363228207
-1.8166368591056297
-1.5882560519245674
-1.495238113119349
-2.3999387527607707
-2.6537509097167638
-2.71540239956835
-3.231449628990587
-1.7474151180764463
-0.5573469866397582
0.07312740132312492
-1.396686420361592
-0.39285149763773136
-1.51200101810348
-1.730186591756749
-0.5900698768860947
-1.9754348378891526
-1.262941014264741
-0.4939003447350139
-0.027467058169015884
-0.21233397070095178
-0.5661649208808965
-0.2942231932153196
-1.1668976626719072
-1.1731719086300887
-0.9113866071460832
-0.616522446481257
-0.8598174032986886
-0.5026886697912121
-0.08911381908180263
0.03406188964279567
-0.12156559744044987
0.262883111573327
0.43713577297242107
0.5551159533689595
0.19564323653333862
0.09943097346090704
-0.12110486293329022
-0.20619720951927178
0.12919180851309275
-0.11463074892779677
-1.693527295192222
-1.979938989681577
-1.083185828730535
-0.19337579640332844
-0.4570493053298656
-0.4144006485983498
0.3165538796575278
0.28461402965465965
0.34122024313866794
0.42057614343456656
0.4554576952431476
-0.5526367170560602
-1.3638685971796023
-0.30623902936396225
0.21531219812511093
-0.8693667749996871
-0.8841264790689111
-1.2584535154325094
-2.06180965989127
-2.051324312226546
-1.34729304732947
-1.379097936536515
-1.2686673003292035
-0.931126685542029
-0.5706496149160629
-0.17937054227192464
0.23427972803242025
-0.45562438339246614
-0.5681111883706315
-1.1320381615444004
-0.7324304146999525
-1.042380194174809
-0.042533506944232025
-0.1666437126364361
-0.5813481416367112
0.14781402206091288
-1.1523729461967327
-0.15727153702976554
0.4189931715108904
-0.884403308033454
-0.9358613104179154
-0.6203207138221803
-0.24076589745170954
-0.6217901457024165
-1.5429635557567427
-0.936262233027667
-0.5409407629320135
-0.5014590382189519
-0.5687397366367268
-0.45432798385257445
-1.5271509378271486
-2.0719583944639526
-2.6924111419359864
-0.7164286057440583
-0.04253926461714103
0.32074719934800366
0.6141010569721032
-0.008686410123419003
-1.220939654578682
-2.333930077960334
-2.470584497008363
-3.2659870680999648
-1.9028330229875048
-1.5733510081076263
-1.3268166363283966
-1.5617469751908897
-1.1622976969260885
-1.6722131346631026
-1.153835477307138
-1.8374679518917458
-1.3704542317589627
-0.1884619698844071
0.17244246015066525
-0.09699566742750232
-0.26368520312386706
0.1976949101007532
-0.8324017281195287
-0.1923859269557316
-0.17472769532742305
-0.6649092641758921
-1.0483930556730847
-1.6229006943804238
-2.5237470506959863
-2.3300565350019795
-2.332361490144243
-2.4165286187966446
-2.0176821888904986
-1.1773601998927434
-0.9676984774210818
-0.7396915506033598
-0.9768432034079034
-0.5364563110011934
-0.09388610933386667
-0.29144142697116565
-1.018645313760149
-1.0800566061406238
-1.4914170701889355
-1.7721264117413846
-0.8062288229233122
-1.0152746521163025
-1.4772777415284672
-1.1770117204896609
-1.7185190169774842
-2.302123092479979
-2.093949118405515
-1.6288628013221589
-1.1265608486901215
-1.4817454312535876
-2.2618282812179187
-2.048000176153062
-0.9464655992905242
-0.7985004099462796
-0.5787645182684847
-0.889990747670927
-1.8806712765845324
-0.469363742150373
-0.2687971712539882
-0.16861143312399024
-0.15492135221449027
-0.14073481832762536
0.0805221978463465
0.5435851440623517
-0.02777412777146243
0.48213239223955207
0.744685379936564
0.6696380611592954
1.1607463587178244
1.3241956580484342
1.2197851914340059
0.8659543989737057
0.9467730016923058
-0.28217309052827094
0.37113126069202795
-0.3979419487599703
0.44496500357620006
-0.047397697898825475
0.2045125884727191
0.35798638886288797
0.8887767196994479
0.5979599631819206
0.1893132452806599
-0.02376288911087854
-0.7311908165104859
-0.2070082752779615
0.6016952794144527
-0.08565317997070754
0.35360327198897357
-0.03979539355674088
0.33532878128762317
0.6498038133881446
0.718248240175726
0.5844467237606241
0.6733719323406019
0.6622313425000655
0.765154891876326
0.3960677840062728
0.7903642152767644
0.7476237958256857
0.5835709822892509
-0.6454181211412207
-1.304042539128778
-1.8645420289586057
-0.6225170484219145
-0.910996369319153
-0.5569107626042467
0.23072023784612927
0.3562254301703258
0.31445880513959734
0.6045442777297529
0.40595563415651686
1.0852161137254555
0.8952969966074157
0.4456855228929244
0.9765870095733955
0.7041185753892928
0.7404136750259809
0.9276948346188189
1.103345933859856
0.8140338609025835
0.45474868594688594
0.674921194830665
-0.46787142758329037
0.2477439240728584
0.6082600709090752
0.75147430614041
0.45596691143806617
0.3355543240935621
0.24485322593278483
0.24714101615922224
0.36629737705985277
0.5762890249442955
0.3079712433802829
0.9391991420311739
0.9042521077002875
-0.34224824445924895
0.4370305295943922
-1.2523367739840798
-0.384278829787171
0.4194514474674969
0.6088525590995719
0.5693052427713083
0.9980055020627545
0.801630381756212
0.12098692375775968
0.49664725080148386
1.0968215235858787
1.097754287796155
0.5825139008832098
-0.2236557735359219
-0.7702003427917188
-1.9902717596325417
-2.2827417800584673
-0.611371838425794
0.5641851249946849
0.5110964574180039
-1.0194503746717074
-2.4558200880577745
-2.320101577517784
-1.5288558348778407
-1.3765189396083297
-1.1807900411173984
-0.8468348073891794
-0.9271935074807243
-0.6808504432177451
-0.2569932160014864
-0.17329783720505643
-0.06858172545164296
0.09316511206249918
0.10297131954051868
0.43092479785749516
0.1602905990441221
0.4342033044666774
0.6961849694150435
0.522320530158142
0.6583134821334324
0.9522494740711017
1.03431117191324
0.9001618966489692
-0.34222742590558614
-0.15704957985082368
-0.13869211696342218
-1.5889733073197936
-2.2847054989073072
-3.055323391048055
-3.8474172754137363
-1.7611261463749872
-0.701228958687989
0.0935328231449887
0.12502253596404556
0.4228611285068917
0.6024717021346818
0.5091985090768913
0.4468018940447865
0.30803970385773244
0.5540962401296349
0.6060834760262236
-0.06744469025162945
-0.49061581339905763
-1.4771722433058985
-1.8891153384532973
-2.5127323220337887
-2.312272877794439
-1.8699370260173398
-1.4197230007427681
-1.3437387066785178
-2.3737265866681687
-1.3385556508797987
-0.5573631595426759
-0.13832447974767834
0.45587847271780807
0.054870212136588666
-0.1956230535878321
-0.056264893810962474
-0.5254717820228423
-0.49687351760401394
-0.24029830418642878
0.20924068584981334
0.195495309482862
0.1447551072106761
-0.2697564943891091
-0.9742978618204017
0.3388067962178647
0.4549423171869851
0.8726322127078759
1.0560656213307256
1.1422401542607385
1.1221299892263115
1.2587964777345477
1.1387177190052669
1.4077113265922074
1.257486466074554
1.3102094501280321
1.3827243830634135
1.4256719877689066
1.3173185377821972
1.3666704062387016
1.510276867158107
1.7394505512420664
1.5367724994890888
1.807674751533574
1.8141021679642513
1.692561053489054
1.2610071794027151
1.6663178682953816
1.462238277601088
1.322768289026773
1.4758353185314128
1.3532883158654727
1.4460129019942363
1.5146086213130736
1.5948752152000254
1.4986943812537736
1.8724345901088228
1.5064797383178716
1.0000000570635155
-0.10209503194652506
-2.0171677029972797
-2.6471807265273135
-2.3259480350707147
-2.971589398018481
-0.5560726591886521
0.4299829452682675
0.15409676549960513
0.05912442239565186
0.38151465381105537
0.4606268568299903
0.44829957192953046
0.5833058982281646
-0.11397502302625943
0.09364000875733469
-0.14316429883731097
0.13108627998896025
0.39839735696161366
-0.42463075476750306
-0.6334612484361838
-0.04375625795844557
0.513523019919245
0.7772042026354967
0.27844459075392175
0.4535130327871524
0.4360273327246612
0.9657798904754705
0.9269208432911196
1.1693540198889196
1.1173609016038135
0.46353587469348057
1.0053696490559865
1.3723809788279395
1.2325710710206135
0.8398227346690954
0.7107131663786139
0.8086775419501006
1.0319266507517941
0.8630574722953961
0.9352570986378063
1.2452125523381858
1.146078506597311
1.1135416025537455
1.30945976530435
1.2269311003645327
0.5766595832833761
0.7741945041415378
0.8725214617203728
-1.554638735244782
-1.5451423644526587
-1.4787785380437075
-0.53388456988578
-1.135661507290806
-0.1294809592728356
0.13340756729671074
0.06782173249990459
0.8296463212490248
0.6171865605347389
1.054632478827733
1.2679782416156071
1.261401411610268
0.5917461758229862
0.5360257196703783
0.3972480067391457
-0.88335219612138
-1.7663021054073502
-2.5751061652892053
-2.3430525637549504
-0.7729742959537165
-2.280588628968638
-2.3117183003585753
-1.2661815364871245
-1.1028824108987652
-2.118119936729424
-3.2910156666265236
-2.2665504871382867
-1.546518298295948
-1.1132356464861048
-0.345818210081949
-0.09497779330252348
-0.5826044569904101
-0.8408141551502821
-1.0540686721458015
-0.18280299795676155
0.23060478239504217
0.545302338660481
0.8495333002330859
0.7909092644967182
0.8382718259617028
0.6548607380528092
0.7244728784680152
0.18486655842740063
0.44809765736061147
-0.44466799562970377
0.28132326459892076
0.2837251180686536
0.12180056953612145
0.4741749399964832
0.7274763570093444
0.8898697862842795
0.29444510165245974
0.9721083550117415
0.6058574236042074
0.6163219966155391
0.06989743789637407
0.18226335068170016
0.09829454786794782
-0.0021966911403757975
-0.34883581884142567
-1.6587749358842574
-1.2040187022204747
-2.069650539065937
-2.6620301690568304
-1.451126662235151
-1.0422075717366157
-1.2941542841637912
-2.7108527244146483
-1.0826957956922707
-1.7946463213531563
-2.6360942702742856
-0.9362979022799809
-0.5983771727859922
-0.6748456168475466
-0.6764654781240395
-1.5218134764805613
-1.2038018265770356
-0.18500324588039416
-1.1299573110311216
-1.5290902862774503
-2.5319325050469157
-1.9378725460901998
-2.192146879806981
-1.294260045033979
-3.031826027638176
-1.4112284770719434
-2.178971963226499
-1.995881954546058
-0.3279222763404825
0.6287444814844098
0.6752462209816555
0.9589063537519008
0.6380276664013654
0.5956003767924521
-0.522007919068516
-1.3465372383888403
-0.7142499067916642
0.3205345010793515
0.743437852400332
0.5348277080544106
-1.4353044887566024
-0.5556887498748353
0.32978514470239295
0.4582371669908464
0.8734138279464996
0.7732493801444399
0.9487736251599803
0.939370261969018
0.780214269114944
0.9886438115733567
0.8249684105291257
0.8415676234904543
0.8550153187284212
0.5778110713663376
-0.687773307217426
-0.1258617175907648
0.5348329356155028
0.8110953227339475
0.09636530389802411
-0.6841481751087308
-3.2465359588270735
-1.5774369361802816
-0.7824437378411185
-1.1208279053112837
0.16913854371764966
0.3080477537078849
0.23974029798615767
-0.26183849877374654
-0.31221281828085273
-0.2554045967148166
-0.7031534752176886
0.055913914904328135
0.6713649813004968
0.3451366646751997
0.26232717942498934
0.6182159050038073
0.727902264287534
0.599402696627563
0.24679262204301422
-0.8584465449770606
-0.4010382827218208
-1.523524512985183
-2.1862746186676265
-2.6502426914414157
-0.6435822668689286
-2.088308255203163
-0.2924132856083516
0.2511831744099063
0.6235319166057313
0.568507337281972
0.36383085216174554
0.4448980468826746
-0.284683023047605
0.32717015022326396
0.49707046282942446
-0.007304637640303106
-1.3020787967272436
-0.6150322941080328
0.0825420689636909
-0.532549776825997
-2.405703005159838
-0.7252128225831216
-1.4823006168833295
-0.44680630922432546
0.4018456437783036
1.0375545967476572
0.8278316559984468
0.5689442429842538
-1.1309344715776533
-0.5154100094905227
0.4695762143933104
0.02705934535011799
-2.026041452363775
-0.2639109151033948
-0.344918745679986
-1.0687757793375663
0.23559131600701794
0.0144462224360133
-2.2219896922160984
-2.174580333696074
-3.107822253604464
-2.3005309430733183
-1.10364702993539
-1.5484004524170507
-1.2900136155706032
-1.0556826650226208
-0.674535552550011
-0.560095323242073
-0.6047127855933178
-0.13887557294257402
-0.7963024121845481
0.10949241003954456
-0.1517102009946583
0.2755523560632661
0.2747320824042571
0.12344450283231953
-0.47522251140441496
-0.1936218524592525
-0.5279372311084486
-1.5535687678285184
-0.39005802872995443
-0.6842775170651345
-0.8259350119569443
-0.3596300498184568
-0.9512507312299591
-0.6755907447943802
-0.14446858286905823
0.39945936508018265
0.6271073209129892
0.6658702275898845
0.4502884981128181
0.5030072010662853
-0.11851771023105773
-0.34358705246244325
-0.26052812099695977
-0.6919346768751473
-0.5848523889191078
-0.10581087445181013
0.07508734665235142
-0.14395842229415484
-0.6038879302364081
-0.6678098260519637
-2.1416184410645833
-3.109534130947474
-3.0423893648918945
-3.005649451835458
-2.6940625136162604
