0.28210515500679056
0.20261892143595517
-0.05599989923668716
0.0709610174435916
0.32824782639306194
0.18084448428655098
-0.15353175441250747
0.07632658337144482
-0.0948157834194863
0.2566187140831686
-0.5947654573436939
-0.710566808841107
-0.32204711546364184
0.17000392915675447
-0.1414091903712454
0.03695615441654969
0.3316657754638771
0.361289917354886
0.2980259661140836
0.6240927455236147
0.6389434389712398
0.6108481265412375
0.7863526076830901
0.8062231715311929
0.829070071499893
0.7407284730192271
0.8783966306351978
0.5086298369733124
0.3761856526332925
0.2459198851974486
0.19236435234466373
0.5703716477984274
0.42342594293018754
0.5811223715063925
0.49102953135299543
0.2622729936463192
0.5988919208274571
0.40883849657749083
0.42234303056327793
0.5061338271578479
0.5542096483052589
0.8704555412852307
0.6582397499258541
0.36344321592727624
0.33106019961633393
0.008821397048900406
0.48083156873184574
0.5553344536228987
0.6803450564506174
0.48775581311299254
0.3757458350663802
0.26989186548432276
-0.06837557791270193
0.33705888184623833
0.07669224354336321
0.2592053034597763
0.31233571073097177
0.09784754160518724
0.6874307335714741
0.5684606772127674
0.6371853413973504
0.0543261596609905
-0.010276249980375962
-0.00016334428272027357
0.2286465735251101
-0.11672275091658807
0.029824239662629037
-0.3711695015633568
-0.5626206069583758
-0.4927385009297879
0.015612186858241311
-0.500780786280576
-0.05426540508146491
-0.11212266702809559
0.49577956231486275
-0.23809722972579814
0.06122105088418742
0.5229800899385025
0.772535405548299
0.6824301804229337
0.5975877213174144
0.7979683210725266
0.7801561104324553
0.4380902574890092
0.7410833154089378
0.925925962210267
1.0314870199368358
0.9539704184282882
0.9157947401504013
1.0197207174158587
1.061620953383108
0.9258375865528834
0.7272033565932776
0.8347290493660425
0.11980545964614667
0.3552053438506504
0.5817775588450138
0.6492572019818736
0.7516488285021738
0.6052261382263849
0.6295753055902903
0.6549485013724775
0.8384106570884623
0.5871016437621108
0.6677719459875051
0.9528315415141378
1.0413586348454094
0.9663707426517374
0.996990652965651
0.8032534666439791
0.8478427862845926
0.7455563547690637
0.9977176471220982
-0.04115146997423899
-0.35724838046829466
-0.43996983094707764
-0.36943979898274903
-0.25491151896399733
-0.1409299448521654
0.19165756157154598
0.3496082486976262
-0.0361414318698598
-0.29932431465939613
0.1953610429634063
0.09428500294450455
0.22138771138679628
0.4430176640003656
0.7070713530881786
0.9250437699694629
0.4958710746354801
0.956076021233362
1.1844683062346466
1.149610147075569
1.113592833623141
1.1373308915856748
1.3039453933776688
0.7402293699901705
0.7607417368483076
1.2143841395835338
0.6854154345194523
0.8180394600869226
-0.910040320312986
-1.2314628021040221
0.3371035175441736
0.6440294396124854
-1.1675897851139265
0.454936253564047
0.25253648494052783
0.5224372484150133
-2.0095234574035357
-2.913786419482209
-1.534980160412004
-1.0400850504269363
-2.0704564396286513
-1.983435263082639
-2.930817961005582
-2.207074051342864
-1.9904121299591189
-1.893565235268581
-2.60692805185162
-4.227650423188704
-1.977818184026103
-0.4016227015790509
0.04823755943982491
-0.1485548650929621
0.18630463121300797
0.6926047560678232
0.5666268845224783
0.804050503331537
0.8632993966049556
1.0351551719948642
0.8435367663447053
0.43958057252176264
1.1499316033209195
1.1358750129497681
1.0976521103810097
0.9824344388548872
1.241097210952458
0.6544428819214402
1.0636671036149006
0.6987249279037521
1.1690308850531244
1.1292749676038418
0.13180400966168446
0.7212246780107969
0.7696150569792626
0.8843968480885084
0.2592035623075847
0.7119762983363962
0.5194465743453128
0.6515531648679609
0.9405753121345369
0.7777321355998723
0.4922153484786912
0.6015290324169932
0.2293567919495366
0.03276609813188386
0.19345227036445753
-0.9343298868509214
0.048641942022606105
-0.27704272403419705
-0.0028508496503861502
0.1992961714132096
-0.3972352215437841
-0.5901565024046693
0.10673213017794193
-0.35316331880456775
-0.18304588352467818
-0.534589239136741
-1.4410456173375914
-3.0344508385522158
-1.1282104166270819
0.03485627300609204
0.2141880671187527
-0.10790025132986161
0.36959987603917654
0.3875026473060261
0.41132273714650713
0.503467957339389
0.3933575239674092
0.6900615707571697
0.8950096591993538
-0.01911643314359676
-2.172020946825297
-0.6464701155709891
0.464461045478725
0.3445560890000534
0.8631422007630871
0.5832208579037732
0.0787032857798993
-0.01734160067317611
-0.9071489753386638
-2.0394693072329124
-1.7468946482514718
-0.9979658471531562
-0.5147673415845394
-0.6177538040819023
-0.03181338545620363
-0.05453806662085833
0.07124824989225648
0.487744826433988
0.49919540907231763
-0.6364105340114238
-1.7922787125252972
-1.9237374298051357
-1.3169744631982356
-0.980288583506787
-0.3433485176829423
-0.6084395032178249
-0.23233959842153237
0.27911135047619007
0.6183057598639309
0.03491695039042356
0.3456878986548463
-0.8357887019863952
-0.09127367481986734
0.24863731481896548
0.4647832976555165
-0.4951806400520339
0.05023182509082444
0.2810054329651762
0.42210379255412267
0.7831186477423179
0.2516051808727837
-0.07310659098824898
0.9810622552369993
1.044919478000872
0.515611423671999
0.3846244205341337
-0.23244154296561556
0.5495277972192354
-0.2117732821148214
0.05137808450856721
-0.062029848481920336
-0.15165076772309685
-0.4655038948336616
0.043757289704675476
-0.5455037591037742
-0.6087817825505467
-0.9278759481962434
-0.3556251980363836
-0.7753246502894785
-0.6910692331297313
-0.9104919406133963
-0.48009253978786426
-0.9629950311753935
-0.3176438859197007
-0.10504471998106085
-0.0014873180246687545
-1.3279254827089402
-0.314139170044087
-0.5803932034323315
0.2686526437236464
0.5736636873202439
0.04429449944615391
0.2962750609308463
0.24770233411722142
0.6544631318568912
0.7511203285410554
0.768543748605852
0.4313811889609892
0.7430012366697086
0.01339210040391993
-0.7676301720405366
-1.5175697807536035
-2.358969661206685
-1.3761959508146233
-2.573852771702895
-0.17978455950216196
-2.5271932617666732
-1.6144002035753862
-0.3084015768832733
-0.4692098159221796
-0.16073610815923364
0.2847266797590764
0.21162476996620436
0.49324068403236576
0.5218191798637507
0.4533865897267494
0.29512890974950323
0.14087232633498847
0.2865079858361312
0.6311460287712063
0.79960383402074
1.19860168052875
0.27051178220786753
-2.366556881232684
-0.4433832787116584
-0.11723923229939912
-2.8363903050525225
-0.2338546312520556
0.200762561039027
0.2645637221606202
0.17774422390616015
-0.16493647369510797
-0.3307914293813198
0.06065124883954129
0.4261352013287576
0.4195606664859517
0.32859056614334947
0.19800210991759926
0.11163199572810709
0.7720177644916425
0.8953328689137029
0.4603540515779523
0.8494419399225601
0.9456653195792811
0.6088058005451391
0.6554337113875334
0.502575546289507
0.4129519200810504
0.054972892753833935
0.38261445519294635
0.6009485104112163
-0.7522851285638535
-0.5058553796937293
-0.04848615182208413
-0.600013834167278
-0.2278077435628588
0.8853104036877026
0.9628090740825891
-0.3479652339900322
0.19990079872979957
0.6144435973542783
0.27941384219120985
0.858931266090384
0.7621767539626901
0.45292668288954496
0.05994929739585744
0.8982893676816356
1.7039758939615595
0.4140065898188333
0.7297962000717956
0.8279616430865324
0.8898482234588484
1.025309478819088
0.7544473517554079
1.0232176505455466
0.879230789209921
0.2354186357672258
-0.1993761386230107
0.30325576860070946
0.6181717962632172
0.7332474845388659
0.7551280874719735
0.2035713000087742
0.7030172817312691
1.0694809460852042
0.6544410852320321
0.8174791319194649
0.8136446906812405
0.3976313030607427
0.610202135197345
0.5206315510817231
0.7835593014357433
-0.2914072859235749
0.33099807450930135
0.7540940998493477
0.7281109373790878
0.5293936468659692
0.04072459923089941
-0.7216060995315674
-0.1969537191823977
0.3189665223376784
0.735434397646357
-0.16515767676508
0.18146616953704306
0.04793576817411116
-0.29982530968928234
-1.721607455555543
-1.6213649034205295
-0.3869668826201853
-0.05493416352241978
0.444956987953376
0.14395936579353116
-0.5597455326713638
-0.44254872013573143
-0.08206458187463384
-0.21602774478754486
-1.815146238209247
-0.27824279020581555
0.1775972087199567
0.0879114583632288
-1.149366949745901
-1.2400493721035282
-1.2564759233444938
-0.9950143684018847
-0.5508235070325945
-1.060538969817985
-1.9705669506522703
-2.462643753520058
-2.487011193767774
-2.109286369014315
-0.7244237810954569
-0.30496959336731
-0.09098872936594779
-0.3500094961632656
-0.4193506665070553
-1.170153930324164
-0.6948917652544534
0.03006639225694001
-0.816545565966125
-0.7059605252820719
-0.3317720311894118
-0.08677446542771003
0.5574337911041489
0.24735929012640404
-0.6544909512692381
-0.2875136316762371
0.2575760758109635
0.49029914055321033
0.48082347873048625
0.6086491801136048
0.52801527666996
0.7051676253341735
0.6689586696800869
0.3605537505742727
0.6521657549849301
0.4133443801372263
0.29640899016264344
-1.1453757530158548
-2.0732644785087553
-1.3558569639442912
-1.3298262880706346
-1.736210861927414
-1.1557526867650971
-0.2220874601258305
-0.8289386416426446
-0.5777475642525396
-0.5737205332913063
-0.5165775239832128
-2.307708541372399
-1.2521199451929992
-0.5373836875350871
-0.1754294322100788
-0.23198608513152322
-1.3722510074554928
-1.5811813803053274
-1.3068907675174037
-2.061844621066642
-2.5238360102369857
-1.575569284149523
-2.6389317780868224
-3.6324693397589187
-1.3367886982785373
0.20122524137949563
0.3006061797317363
0.0305271638403498
-0.21457346224379412
0.3113696945193293
-0.2133217721608642
0.0290601096059086
0.4996990813680122
0.6682343175678113
0.5113528349299918
0.7824310175221415
0.4657710988843641
0.726577885380089
0.5883580678021796
0.43556811117720995
0.5424938376256583
0.017035619758722254
-1.6301735041134837
-0.8918006858930377
-0.4909295626601484
-0.1309567658687449
-0.19168299702455502
-1.3419178980100568
-0.9396461505765125
0.3779965495331893
-0.3549381895011341
0.5492250646516748
0.7874899401923559
-0.38521459477125874
0.5085965617161693
0.6026816680245882
0.8985759538245893
1.0528435035255643
0.8595072598463182
0.9261655869893016
0.7143216452898358
0.7001818726044301
0.44522092078571707
-0.20751520556666866
-1.7470767340696336
-1.0751897714508962
0.2166237331245061
0.7580688307232327
-1.5305344166002677
-0.8493613897402353
-0.5125352459142197
0.19050731738708532
0.36671926626272455
0.4212456204291829
-1.5601115050654653
-2.5598867825636837
-0.34871340008832186
-1.8499596051137748
-1.1331313264825253
-1.979034829638498
-3.438514017754007
-0.8960601823219457
-0.45389490901093443
-0.9850025469557079
-0.08037340210993912
0.4571526022056075
0.45709032907478286
-0.030794802818389172
0.3693401886864932
0.37620221546821847
-1.2274133331418453
-0.3694574035079473
-0.09781389672667973
-0.16809729832571005
-0.648174729645022
-2.363023878233267
-3.713239830283966
-2.371472605504833
-1.7992783584418246
-0.8975080416703253
-0.3090370830600715
-0.4999461345541689
-2.439147899803653
-1.456537167157588
-0.2236574183255243
-0.11645572144665453
0.15700456297353663
0.5001763537922624
-0.19066477636842047
-1.0985597816786339
-1.1175417862431836
0.21004325912889205
0.5844819515122127
0.23358565949071877
0.48516077988109685
-0.03462915968132432
0.39713429366878505
0.05870891545436674
0.21655790444228365
-0.1506598205417979
-0.42551525023633985
-1.7490987768656243
-2.526428832055524
-4.023824956701069
-2.7860468126186015
-1.1274562619753796
-0.9697159603353483
-2.1777052384357787
-2.58450184737268
-1.1759869797855425
-2.2414924335495146
-3.412381224284271
-2.202023438436255
-2.727725838151071
-1.9754384107702216
-0.11573451322357228
-0.8579609589476673
-0.47695275811861426
-0.36066132530077954
-0.9584550042975478
0.20109162207882897
-0.06750143056055258
0.4906532520910193
0.8351532412024342
0.7564239603974894
0.13903860519460814
-0.3435724293250204
-1.2449256175530583
-0.325532016129781
-0.004168648308781053
0.23107593147904115
0.17297805421153373
-0.3122150609206281
-1.1886530727913358
-2.29289819831227
-1.0496718130771316
-1.2413156367671259
-1.1608908480953668
-0.9380934007629159
-1.4399842843176454
-2.816733476364494
-4.188710672697428
-1.5558731678370805
-0.8522945708019932
-0.7241862060416835
-1.982065687893839
-1.2684856879207616
-2.318609808468086
-2.002054290041898
-2.2422334234882473
-0.9710289988341619
-1.2281362009690069
-1.8461905114284782
-1.758829666202207
-2.2801592872789493
-0.6631491305805471
-0.05340925341309344
0.3800136028727362
0.35603795527993376
0.3650321265388395
0.2654088654923403
0.457530733699412
0.1262385190501859
0.3137883270369609
-0.7046020642421222
-2.91685243103522
-1.7690318609648918
-0.7364254168287672
-1.2251702902772954
-0.8211746736287837
-0.8514545908698034
-0.4104545516217256
-0.9716936884503732
-0.8847298931796485
-1.125850818325896
-2.008571934927211
-3.2533963948188545
-3.0903174736072
-2.326130382695885
-0.849476578597043
-0.49339584001973646
0.041360624454314016
-0.09712541710588024
0.002399936473584663
0.2167842588991278
-0.45094245134109534
0.01877822118389813
-0.10872164773087395
0.47963333073842707
0.06567837731205386
0.4873068529154593
-0.14305656559130372
0.42270379723286144
0.43229262656833156
-0.0996241692743173
0.20897063423093765
0.32519270010246226
0.44461891696892886
-0.570430326316728
-0.15730939075844572
0.17728822510969378
0.3354178915137009
0.4011473724288471
0.5169959483745921
0.1715365444277555
-0.31902295714455775
-0.5609083552468855
-0.4962089239560895
-0.4055244070014006
-0.3423267479749329
0.34260695320080414
0.5218165212723241
-0.21214104241449191
-0.48500238660179906
-1.985734889572319
-0.09847536591243058
-0.37546570441147364
0.2882104243914937
0.19868662415061614
0.06916525715332544
-0.5481716457400684
-0.6912562411181341
-0.8275733759783411
-0.19355225177303945
-0.3315675385417701
-0.14869554593701603
0.17735044504788705
0.399583256275583
0.3665684608798836
0.23807515542891608
0.302581382164839
0.12438304429066013
0.2330539759764397
-0.034771049379815094
0.16481057868360577
0.20939680791064919
0.3607226336235808
0.169682628890083
-0.3145994224491968
0.19920714693319183
0.3702429382931176
0.2030212965016318
0.1618952672207948
-0.010626356913271462
0.3557070579831886
-0.188565924871372
0.009953108863852686
0.29872957016102786
0.11718139384566423
-0.7210513877365371
-0.28827137934049674
-0.22362799572154754
-0.042646511301551865
0.016785563244687107
0.11046022489231375
-0.007582928787906701
0.007389322597310788
-0.1009491127714838
-0.43268532268633664
-0.6549911580451825
-0.34344204271043655
-1.1484571714835645
-0.09321571510643326
0.5341233901525325
0.5195641061992755
-0.11779551044292239
-0.5802652204553563
-1.4285009865345126
-0.4722357613636724
-0.13022806204030782
0.051445454707013574
-0.13149293366414896
0.13242657902491065
-0.3858356030104855
-2.0078734451538782
-1.8100568549995144
-0.4935695409168186
0.16105312865760163
0.02553199118922983
0.39166102330252006
0.04556696649330694
-0.15950838035883
-0.16622595903653184
-0.03315485549316799
0.10385608760457114
0.07940499907484522
-0.4583928647461687
-1.2204859907371175
-0.18527877251435035
-0.3614210191875904
0.057409496114134775
-0.03276752771097205
-0.4050055621373826
-0.07018486347478262
-0.1214294715956096
-1.9921601317878068
-2.2958044579895787
-1.6472441945667962
-0.05286930880044513
-0.009172096147591735
-0.22995953041701442
0.2884898591785434
0.43208877845198235
0.5142047489758219
0.20238408301285105
-0.3763688302013234
-0.6111718681614916
-0.2449446503503331
-0.7940929177847897
-2.5178103868365183
-1.728922776701922
-1.3257915141485204
-1.1312677852066486
-1.8097844391977749
-3.2201265341122864
-1.8845765019452114
-2.5637090899362187
-2.890719107675324
-1.2916309163505033
-0.344890043175222
0.28014748170336873
0.22174326392745836
0.4114264785392143
0.3390330601821073
0.22928506553121114
-0.648961431949908
-0.7476517422707325
-0.023508236901426227
0.006312610483271419
-0.4912152119543213
-1.9090021310465295
-1.3009473088053218
-0.033990089555281405
0.16597914206978073
0.5799771239649095
0.5009147257415046
0.3125904004408555
0.6099696209916814
0.7261660149307035
0.8708351613376357
0.7930641448283431
0.39420448971636357
0.6406646434203974
0.7005870081120023
0.8796294675399625
0.11066434323513932
0.4027080585728673
0.47322134204119437
0.5824927441409395
0.46957186702122966
0.37970500345418823
0.2634884739700343
0.5606467434896308
0.5208891199242458
0.26646176354086604
0.6261014468584715
0.11674252063720064
0.29769728761407904
0.29646530977449337
0.11052652183641548
0.4030284850104764
0.6865174962278776
0.6940749134218777
0.1845508809193918
-0.217770066298878
0.032922939473530075
-0.6353992221647403
-2.1961870346337045
-3.221683249069021
-1.2498126137491556
-1.3197949754545442
-3.091860918239595
-3.7804583829882814
-0.9485309953697437
0.0962843085918211
-0.20186290695186868
0.0977338036496163
0.35506316118255493
0.3064506239140986
0.2765228784033843
-0.8704472053879402
-0.7477534167794885
-0.1720076064986986
-0.06395124540873043
-0.20954787383514614
-0.06963425606663576
-0.6055470935433825
-0.023237399343548543
0.12750510962144737
-0.6742678172719593
-1.9362808351388494
-0.9482909522742983
0.34251032708334894
0.21747738448305848
0.26062809157975164
0.48671851022606494
0.6831143940492995
0.06145139261653454
-1.2268552976701195
-0.5317269273441453
0.03266447159003316
-1.1480711154506777
-0.28329362591203877
0.12809362556633827
-0.1280689762036963
0.25205970826491386
0.16499925681882688
0.21395102877470384
0.37412958172800204
0.30246600162293896
0.2571153333175026
-0.05889158984510309
0.3320927899276397
-0.05400586698935175
0.0828796795582373
-0.1510045314557061
0.140502271326352
0.25907450116398123
-1.369924799369425
-2.515744972816439
-2.6792098682323435
-0.8564960044403385
-1.5601099449645883
-0.22803922899007958
-0.31935568813107584
0.20738194564102952
-0.03527397146244213
0.17702666130506162
-0.17598304071514084
0.0030815301756761254
-0.005981963557113806
0.09010372622527137
-0.8766675869060699
-0.388859107444389
-0.4797898571403042
-1.2167149761178095
-2.586698798795571
-1.0431549665946132
-0.3230264364891433
-0.7848097336734564
-0.5184151563301777
-1.8984702643804983
-2.557752025995227
-1.6942876130911735
-0.30649735201456985
-0.4322266636090272
-0.08380345814626869
-0.5154048865919
-0.5098504781929027
-0.27804381811543855
-0.020200508091921282
0.14851237532298234
0.1655520781462137
-1.3628679462836286
-0.3764804889272332
0.20266509348570125
0.08233262380632148
0.383976042982379
-0.25392973327419854
-0.5811666930456711
-0.7670848064682858
-1.0802763928638204
-0.7969982371488769
-0.5898739196149457
-0.3624414703709252
-0.6189442966297772
-0.08115394425209907
-0.18056789776965473
0.33171867059577853
0.7682755669008634
0.5630239928154218
0.8763322041548797
0.5719825141529454
0.7806796545219014
0.5799552222952277
0.09746389038446371
-0.10837108799750073
0.05558795565597069
-0.5537239905352873
0.11231273604450748
-0.03980653976238449
0.11841128177105727
0.5281466058632202
0.27870511259526765
-1.1958956681262471
-1.9514047743916654
0.0840925556059755
-1.1469863739521515
-1.339208103470891
-0.4855355240770458
-1.043854851032
-0.812261038694362
-0.1644225899686689
-0.16552391796638657
-0.31630509590115274
-0.9355802965882573
-1.2464835748811016
-0.824911562172083
-1.942114926233596
-3.176268704984215
-1.855289213524627
-0.14571077678335184
0.21569490664513058
-0.020373513184281322
0.27499644222069863
0.36438730592844565
0.5621563909312577
0.4524073705171985
-0.3314440510093717
-1.1979792019803943
-0.1605891013579425
0.2638857551259647
0.19729084786202727
0.1110538315295671
-0.9440788237004095
-0.33391384872656205
-0.34144426246267134
0.16701433347635458
0.5226119865539307
0.08319544669022735
0.5565560553076356
0.40238619018179833
0.39630084642151275
-0.024874637325640353
-0.8569211421057142
-0.6340011261706967
-0.8040969624826494
-0.05976953723425904
0.13017306810861545
0.5362659856392028
0.16165994647677903
0.5070214855833617
0.8029018829805686
0.9494318262334422
0.7682812446104276
0.8760918304637871
1.044032917756804
-0.2914768489942894
0.6418548815273393
0.5635598562932712
0.7275176098836261
0.2846818649102191
0.09330957567061951
0.46392547651674587
0.12867507908231965
-0.10609851547695201
-0.3361544114341929
-0.21855889496034506
-2.6351359037593123
-1.7205595112216416
-0.17039229184258972
-0.2434108611036732
0.18821627774078967
0.3482160632259738
0.5716168911991427
-0.8487145840627667
-2.691812873396678
-0.9627274360172989
-1.5861606756488327
-1.9723658104944322
-0.6340749148502114
0.19611251715844
0.5721295132014905
0.3983516518424566
0.23522100515912206
-0.38949236021257405
0.03642540610875045
0.35585399338394136
0.29930972823458923
0.32209984615147313
0.4985538667010896
0.7344636953067611
0.3925268978296629
-0.22616935053926732
0.2267045444473182
-0.8324644014419137
0.05445740809094826
0.29893973588252654
0.16747264893806138
-0.7179992284336699
0.2784173872222229
0.3997437320603646
0.238442910523957
-0.43495325698333354
-1.0677321039991068
0.4042843773420648
0.7456967826196852
-0.1931312153034935
-0.5802466733832172
0.13105413339256766
0.6251634698491876
0.7126591017664873
0.4717063013658087
-0.3652652591892128
-0.2051043369590155
-0.04158528324855176
0.003198583964870466
-1.5869656354618542
-0.22199596309062844
-0.29345248724185735
0.25187442934135185
0.10696810580012533
-0.5816883885677017
-1.4904114770636858
-0.11747033156599054
0.4681390709496662
0.5462522723870914
0.4847918547358435
0.7071875201102792
1.119564087953901
-0.03774224094512621
0.26425391587880265
-0.2731889713238188
0.27044653909240657
-0.31200446705496787
0.7894896561816033
0.49262011826020047
-0.5290850852007742
0.08720698936337357
0.20709587393384646
0.03884684483853815
0.3181160640295809
-0.29699650345256234
0.6800428895459297
0.9362162649241471
-0.04629156013853994
-0.5620274723257993
-0.7258123853686859
-1.1626487258309586
-0.8413358159265565
-0.7510595520846607
-0.0964936963175852
-0.04736942831256655
0.22072625875328306
0.1871247799353088
0.10106145293720786
-0.5158465325977346
0.2813692281935233
0.1418048532693331
-0.18600980443319412
0.32753122091623854
-0.05839920373108051
0.5217237000856817
0.05454655453650972
0.39470801602355243
-0.4399968773852011
-0.669351791609082
0.035181562259051724
0.0672767836635213
0.14541427500608006
-0.27654203094664287
-0.5867620432987897
-0.25263429602900167
0.2993940059134768
0.3693279443187389
0.7215344895138017
0.4359468546753895
0.17740669826791103
0.4693282664405599
0.6313920051413816
1.016421871781195
0.6949707537232283
0.6518777344222826
-0.811583242773073
0.0244075995265505
-0.6213046121619211
-0.06589924699590602
0.298151701445209
0.45891387272591977
-0.13555228032210384
-0.8950651038661802
-1.8153898730247326
-0.8779382078653429
-0.009531849807215859
-0.18463601975162383
0.10048107528844971
0.2719199611265868
-0.21368860964835254
-0.28904946066371395
-0.04730733236217369
0.15565173355773346
-0.07055118045850531
0.46369128556910866
0.27997185580481154
0.9246370309325461
0.941933984704068
0.914425295922478
0.9380562135556662
-0.2019375258197222
-0.40794434342723085
-0.3410738768335809
-0.013251357104900635
-0.3272728958421095
0.3038003429865408
0.5404820866575403
0.8521487508047783
0.9511912998343722
0.9080734670258065
0.9316479682734273
0.3949709692693921
0.8202878009691211
0.7907391491947258
0.6430853926973042
0.44689375851743807
0.4593567094602058
0.20874680089009637
0.3113796650541649
0.549353948184233
-0.36327868941096353
-0.14934723437143257
0.09740518328792269
-0.46092769056080307
-0.3985842903582433
-0.5123415592615271
-0.21856583117948256
-0.8139513191635047
-0.27272491431754686
-0.02369850133301335
0.20001228956895345
0.1703759204900811
-0.22615772532107023
-0.1786612100915201
0.03585101515599304
-0.40955019426352546
-1.2204864328571834
-1.6329691743119243
-1.0374069709756215
-0.7362027542671795
-0.366798091506929
-0.26956284816644027
-0.437734536124771
-0.6423249173874842
-0.7282464945905229
-0.42295728083282425
-0.1532714513218987
-0.011917455059886645
0.3106786051930811
-0.15278189597598116
-0.12023298594184331
-0.0490313934159263
-0.41027341875899104
-0.33462259332415845
-0.6654821010897891
0.3720071690460067
0.5388189055930389
0.49968296835855186
0.5031527665256019
0.5973631954036721
0.18246516080501302
0.5318693038126037
0.43212028870936947
0.5848615506278972
0.6795569107289261
0.4452084704643017
0.42620676297196136
0.46085198726378895
0.305271608336692
-0.2737284427304312
-0.32503112879212925
-0.004945168694586416
-0.34236925784072536
-0.14803114274194598
-0.03367566152965021
-1.405651272038332
-1.7740347172517963
-2.3249113663329233
-2.824160345030021
-2.7350733380417935
-3.440654166663833
-2.0995604623223674
-0.6188317142898238
0.12459555864384798
0.21673549131573386
0.4219598142957991
0.2588468611647235
0.39886903257821904
0.5683471590388871
0.6391076577214011
0.4811241878011716
0.25874925918871305
0.2447735612192289
0.03286117641219641
0.39155289469234267
-0.09402138879289526
-0.08941131407666511
0.38157551729764805
0.29073559163293694
0.08411412298601834
-0.505713785112406
-0.21788031196559396
-0.09688185043019615
0.3997807106775296
0.4309412531836434
0.49223679367889184
0.5907888293108642
0.4580677198121248
0.391398845760917
0.5686835521312334
0.4375541113780259
0.04876480885788903
-0.037537573705473254
0.24624319421053534
-0.3756030096727224
0.033769718039503405
-0.3822108917157955
0.011856917679324674
-0.6232766202143573
-0.21746863509966705
-0.4041865198666146
-0.6095520329789382
-0.4359668937800808
-1.2843017949743125
-1.6511470192414122
-1.4186185151883037
-1.7284624840821643
-1.4529557705492702
-1.5143277930115693
-2.533153095279295
-2.832566857160078
-2.9350123511791457
-3.514863261073846
-1.6217007432665307
-0.5490107115150722
0.15336944420779142
-1.35646972239586
-0.3386090729682849
-1.3618734129448584
-1.6289514825896383
-0.6091542975640566
-2.0185566586392505
-1.3016493350797416
-0.39897870614821185
0.09010653883153487
-0.11059943298504052
-0.4704791559863998
-0.22292788253650134
-1.0963037154412325
-1.043177089557323
-0.7687726676261141
-0.5863931008038162
-0.7169400414534454
-0.3338463519159468
0.04660881333405656
0.056100081194804
-0.06501022391537828
0.23458307776420245
0.4598491366471972
0.5521302300933391
0.22478195138469964
0.12849250588377079
-0.04941387452788373
-0.10300905335246754
0.16207025864989993
0.04341146870351188
-1.6386662004349626
-1.9269389954868321
-1.0181671029343298
-0.11477209989449375
-0.3869176282680542
-0.3107684102678816
0.35750721240224204
0.3446945371957133
0.39185874045546154
0.44383143154067584
0.45245598560609246
-0.566086887684985
-1.3884077875232637
-0.2568937285898195
0.2713430290154203
-0.8114549017898892
-0.8675272640249904
-1.186578009810449
-1.9407626865626908
-1.9780768547172498
-1.232217454627439
-1.2590190317618355
-1.0863967065075257
-0.8252730151837452
-0.4367376084549778
-0.07517240897514663
0.3189908709565812
-0.3101196951262084
-0.3849391433762467
-1.0616642453704532
-0.600047405485903
-0.9896599530556475
0.10688014721888392
-0.028007462799484656
-0.47380656952793865
0.17953854768536084
-1.059808314192512
-0.08425724418342806
0.4239850857764005
-0.7017714814454991
-0.8147169054962787
-0.4946333134061912
-0.13426169413680997
-0.4738941063608635
-1.421655549782306
-0.8676422083641041
-0.38186278290063436
-0.4533291696946624
-0.5053503632708006
-0.2031060830087307
-1.55322350683576
-2.0254894044532548
-2.7179959437512347
-0.6876007319507642
-0.0924532939941746
0.3299858911679041
0.6645079448442556
0.07763734106939416
-1.1059681444257792
-2.184442260523044
-2.591655614683261
-3.5685817433018405
-1.842717219377859
-1.413908530868402
-1.1941348099384705
-1.444345935647496
-1.040985764685822
-1.5926867961971585
-1.1353839024267913
-1.7246494514692934
-1.4877575121618596
-0.21111091169135718
0.19392218692731658
0.00384344645739218
-0.24323845813632974
0.17599994518214418
-0.7768901216030303
-0.22482850293584536
-0.1770879709785589
-0.6624348692542451
-1.088568806122301
-1.5558888012331475
-2.6364614420931716
-2.3763563104352046
-2.4056013499066617
-2.3954574405252025
-1.897985967749033
-1.1468290004389776
-0.892120255476352
-0.6033087663098251
-0.9232738260674066
-0.5732775145979236
-0.05473027179049986
0.12428192985401113
-0.8350999553899657
-1.0607908115109195
-1.496152444797337
-1.7834661593175625
-0.6845321881670576
-0.9071379172512274
-1.428928883640407
-1.1432318232307102
-1.6069912096064989
-2.108687241858441
-1.9955969696906009
-1.4798580093326672
-1.0355209835029262
-1.397366473475174
-2.201109393847157
-2.005224085765305
-0.8654219745631584
-0.6518291965648016
-0.6455292960139064
-0.8532988345141236
-1.8221475399464295
-0.45339329613639867
-0.29086470352761484
-0.12506265003041747
0.0005920281057414101
-0.09724393357715247
0.206618638547184
0.6563276805142846
0.010254018223720934
0.5572403012845174
0.7753494630581349
0.6554832336705327
1.175417562016644
1.353934810323203
1.2152592125519102
0.8529179088987796
0.8960941942030403
-0.28537101721135527
0.3777900898842973
-0.34049490612533473
0.4921647410091514
-0.09216805020919547
0.20188461137002237
0.3805719991228099
0.9231076861049142
0.6295696703139814
0.21590137219879615
0.02622399262997474
-0.709017085792243
-0.11206400009899722
0.614447277661561
0.016581711176716946
0.4122533232622262
-0.020494289878320027
0.38110755641824157
0.7364935357473873
0.8096051107867089
0.6429081810995129
0.765046624184807
0.7257492217091231
0.7966228359361379
0.4476154243433764
0.8128754635968736
0.8052152661847781
0.635723091750753
-0.658843251693796
-1.2178824298540165
-1.7977760756681807
-0.6150777314730925
-0.7308573632716251
-0.5227087582154185
0.33275560527305803
0.392982174138075
0.3796611624494196
0.6396312540133711
0.4586900702296156
1.190221923196387
0.9157319004860847
0.5099460137450095
1.115316023930527
0.7059273227472658
0.7478184272278873
0.9658576660418905
1.2027482846402908
0.9108452751927013
0.4578949496665712
0.7512294475277573
-0.4325443265849266
0.21122159527563944
0.6041473762731112
0.7267739656501818
0.486187624658481
0.38133553166002987
0.23075993265949832
0.2724602492494633
0.3793870923117475
0.6046978616013609
0.292225303951235
0.9351304107014539
0.9169711059957955
-0.24226972925648924
0.45936448152443654
-1.1900174089545466
-0.27739147659344454
0.5409056833423745
0.6217961692043219
0.6205542482140542
1.0915973599694566
0.8324449690536587
0.14638558682975197
0.5332500287051307
1.0855668446258213
1.1040841617757693
0.6203750035209761
-0.19183123546838668
-0.7792849798577217
-1.9862637695183938
-2.343582554192272
-0.5066231166906723
0.6581161810376991
0.5818334267673149
-0.9071553352642613
-2.402199623248643
-2.4267471958534994
-1.4387923285870545
-1.1730901076202265
-0.9340552286885714
-0.7717085788900632
-0.8184952224408387
-0.6209161641481065
-0.15002628262259707
-0.17504682770672894
-0.05791547445689044
0.15965206685342048
0.16301088294981
0.5039220402816673
0.193008025422751
0.46860458613389855
0.7681337309223243
0.5844794902426467
0.6776853667619096
0.9861033054667196
1.0674102214841432
0.9631281515787252
-0.27400978692237543
-0.13017826761029508
-0.035079933821680426
-1.560563589895927
-2.1977638155249193
-3.239991182188419
-4.310614383750702
-1.6079855595348924
-0.46635382971664463
0.15931169277608395
0.19332565094014711
0.4633485894345162
0.6440019893315949
0.5459928060689242
0.4330371312379757
0.3221017522847517
0.5651443650086861
0.6167428577382765
-0.024241131029607205
-0.4738747404053082
-1.4163929142505904
-1.8451970852165556
-2.4635038329456114
-2.2221191681731236
-1.646535388925016
-1.2937431873613139
-1.2687682774720408
-2.2171804262536274
-1.355989082630303
-0.5080489475236603
-0.18330419571470222
0.5653832118981544
0.1518861441290639
-0.16647747848345282
-0.030027826481241027
-0.4767562197055182
-0.42324855633408576
-0.21275314739108228
0.18306644956577686
0.213792699599762
0.14511905004587278
-0.24001586524138316
-0.9584190333485928
0.3599102749521438
0.5521070737115253
0.9472260044040836
1.0728258025005855
1.2099140268143949
1.1735606382728636
1.3130645892441668
1.109030590941782
1.4689986765482426
1.2777973045987596
1.307812824143797
1.4262802745817469
1.4473095894696284
1.3231454602120103
1.3655224478800714
1.5175062707073104
1.7313549317945873
1.5517752873895596
1.8310016115428205
1.8647425435321832
1.7207220924899094
1.2047151500573836
1.7169509266013578
1.4744880309347412
1.3696803015013026
1.4755421565377864
1.3218091964863914
1.4291984031158094
1.5082651416670607
1.635571229181703
1.521821389899195
1.9454762055529422
1.526176316089424
1.003328325773898
-0.1994661717650967
-2.1384597154877154
-2.733441545421444
-2.413401263642999
-3.2933957937353635
-0.2660599232839904
0.5969473728620077
0.3205114624590093
0.09936970568593151
0.4804706442016249
0.5228211937611777
0.5802852075487223
0.6532049994019916
0.001787859930197866
0.1383502212076692
-0.14322276502413936
0.12091561729575394
0.5446017538224941
-0.3690263346920817
-0.7241954432197232
0.02864042679417142
0.6075387817643265
0.8230998212139314
0.33386761251241304
0.4841711247287782
0.4440312673552258
1.0011847188509144
0.9526276588829395
1.2648525345851243
1.2046231698535232
0.48559731108289184
1.0112067409199508
1.4972243723889562
1.3167012030778085
0.8898778952847802
0.7730708019008813
0.8423389081902156
1.1068205010421368
0.9081329904673908
1.0090019375290802
1.3448706169921802
1.1540838487661413
1.1631427063815354
1.3369752874159935
1.264809099010345
0.6369570394099365
0.8060636741906596
0.9839361075760058
-1.4943563996743494
-1.5582489092468377
-1.2321996748613144
-0.3527671165192028
-0.9514895020830566
0.017958802362691234
0.2790941868114345
0.13037033670769368
0.8951260678033472
0.7269545014677531
1.159312412174256
1.4046353221233485
1.3678372460470094
0.7167289473042785
0.5832547200583549
0.4394203464386923
-0.892573684498862
-1.6927253992279747
-2.624305811243559
-2.339903267603733
-0.4148375916736683
-2.2374537251763718
-2.3816482151424747
-1.0450176403289964
-0.8828455877269209
-1.9759381304897896
-3.5915426165140123
-2.148454179669507
-1.4313692049731292
-0.9327630104352299
-0.2564177817726476
-0.010319568120245787
-0.4029662567765281
-0.7818251604188904
-0.9766303338231527
-0.0783096462942254
0.3591890631727461
0.6306938072348385
0.9024859954375737
0.8770505629364365
0.9554853883432014
0.8125008737029242
0.9383074041337615
0.21911821133839274
0.4901919472208621
-0.35799433390182755
0.38059891011967795
0.4319402352687557
0.2739980220962101
0.5128159466865653
0.8232875726189575
0.9541962241349636
0.40709901167528695
1.1013641948843416
0.6470755560996634
0.6548565112153503
0.14143854560580696
0.2389039697123053
0.13539867401614758
0.04797419311977444
-0.10823480004046712
-1.4728010379708696
-1.0398621703368425
-1.8982181241978868
-2.546082394960767
-1.3755361328432736
-0.9152098500648737
-0.9207350783154701
-2.7351843868824055
-0.9715509728664921
-1.5066541420409896
-2.616532601461463
-0.765307059261939
-0.5315285848528443
-0.6766871063943548
-0.6579257436095127
-1.4795762717344596
-1.2182803841842205
-0.16890521332802375
-1.1576957672410675
-1.592257957564912
-2.525013563581981
-1.8314263039906598
-2.0835473849942074
-0.9694833850552701
-3.0682316035283312
-1.289201857081728
-2.105576438931111
-2.017891025980164
-0.23001238372685603
0.8198307088642303
0.8232299729905775
1.0698259987765621
0.7946073905495001
0.6982467269337828
-0.4450567446936621
-1.2850067588554135
-0.7662167492492349
0.37070653355189576
0.8559226004684479
0.62610193249264
-1.359587712503076
-0.5697416712740436
0.39710773615558814
0.5385252346866828
0.9401414550196304
0.8628690946676433
0.9894766688438584
1.0180230076885761
0.7957408243701587
1.0567607655505977
0.8405610929086467
0.8530508972402276
0.8744974904035844
0.6711532362695928
-0.7126477101004768
-0.1371534407086372
0.5914943319260298
0.9075971741482621
0.331261966057253
-0.6485334508270507
-3.2467302243458978
-1.2986208815259692
-0.41186213448651066
-0.8610937183332849
0.35665979080669696
0.4339754810566021
0.3882883505868975
-0.2704450612983902
-0.3837396725372948
-0.31491067984298415
-0.7605406561024222
0.05384612115538144
0.7613532741008997
0.41105518702083765
0.2438018452429817
0.664722130036684
0.7626702438184633
0.6352231945760707
0.23276552810960868
-0.8932212647419239
-0.448016858137843
-1.5348327523943368
-2.254806642426357
-2.685071295448558
-0.6488132460521266
-2.107685885171123
-0.27255088126837457
0.2690192816276832
0.6832182061426901
0.6057023041939954
0.45494485398234163
0.47899689920999367
-0.2633566433895226
0.44395005771539586
0.6085455566694177
0.16689111285572142
-1.1471440542359057
-0.6624468518019474
0.11172558125242191
-0.33933335272593557
-2.4657031319120684
-0.726811612191263
-1.4351992972362297
-0.469341355322633
0.4195615293029925
1.1308001413819728
0.8483350561616217
0.6719452407694141
-0.9744356505577699
-0.5306203961620498
0.5733028019404549
0.1456622123065089
-2.0107906034938954
-0.24814425950500948
-0.30312060318881473
-1.0640888784061182
0.3565438152022856
0.12340141623182946
-2.009424466090303
-1.898090297394609
-3.156358343032634
-2.260447586299122
-0.6938039155194354
-1.2565172492517722
-0.9862143260211506
-0.8246692174135214
-0.5974619339830013
-0.44785662999562403
-0.4556569945193699
-0.16339488838147517
-0.7457494722068726
0.22363121429934132
-0.048754333097533936
0.3093162746219543
0.3614312355195687
0.20175795380606443
-0.47061671760145396
-0.13049785813905515
-0.5335960670939447
-1.4905606712097141
-0.38647309202948643
-0.6290972621083722
-0.731777417623008
-0.2290544879542101
-0.943468190117373
-0.6809969797081097
-0.12050688982963573
0.5260892121205257
0.7013752813599232
0.7618909832283786
0.5260679773181398
0.6803454882626662
0.054039982262197445
-0.2429400134600415
-0.222899524400726
-0.5867623639869897
-0.510751499445247
0.011314892372116206
0.20666324756245721
-0.009599382527243766
-0.5589100508924546
-0.6348938137966962
-2.0674198203612635
-3.377145123313037
-3.3084682262652594
-3.307268406452981
-2.8478793326602494
