0.24694754040116457
0.20741797801270506
-0.10778216131610288
0.054025949865673384
0.3031967975549044
0.15994829551716394
-0.15383568797536493
0.06450513164687496
-0.10340371535569602
0.298381406420462
-0.6397820964061226
-0.6968835601215918
-0.3532702365081896
0.14460388704918548
-0.1657706342965249
0.003762363911383862
0.27700324559081096
0.36938507231033224
0.2827473805908458
0.6146438040163148
0.6411932157553848
0.5470247839008862
0.7840592423043399
0.7638169026651515
0.8011150817987929
0.7056299576151811
0.8565453841160742
0.47256363110621
0.3308927148946135
0.21308885142425066
0.18464930994311626
0.5104304312802584
0.37078931451863667
0.5446234548876566
0.47231358298886167
0.2195898134808421
0.5677633963828951
0.3943616834989985
0.35881622019652426
0.4925600152751507
0.575426266373294
0.8533963052123338
0.6335733126748817
0.3248418958176813
0.30495031974771536
0.003706436168410517
0.4046839460842634
0.5365957746073313
0.6017549584336495
0.4771996749606275
0.3487411766387194
0.29111515884736633
-0.04701938292421774
0.31969125766985473
0.05796054052273554
0.23957572477611372
0.25127228879232444
0.09971640488148097
0.6303344995185033
0.5432281447121076
0.611821431731456
0.003259788988349853
-0.0653472443727203
-0.055858408623610856
0.15244254910843627
-0.1628276684944882
-0.056413019171837275
-0.322822244428858
-0.5246770899816006
-0.47096572709256534
-0.042353924786208766
-0.4727954009664099
-0.05976757434917538
-0.08093327806676184
0.45130128927290064
-0.27571241322269996
0.08964297918971897
0.4454925065046206
0.7379834462237116
0.5445256021061986
0.5810034648663989
0.7866074126419466
0.7595965778501116
0.37946455608726626
0.7259316153922549
0.9326348518964377
1.053133723842349
0.9960295743324926
0.9605183471450058
1.0453579537484243
1.0597058190046837
0.9471559493667114
0.6950677250712942
0.8063805371782911
0.1318718179501612
0.2981235808191607
0.5008685633912969
0.6047061863439505
0.6847525367756087
0.563643335234546
0.649602098181149
0.6591128525022694
0.8234292227883084
0.5764817278922719
0.6486263562514649
0.9303700256919682
1.080493089566187
0.9960315698029778
1.0611121000080637
0.8092474054046166
0.8338958333411675
0.7320901290634863
0.9944382647554397
-0.11007616183259547
-0.4044972840288204
-0.4414891577832476
-0.4550766984027615
-0.35215731344459034
-0.22384614552938578
0.16360566249652397
0.30181231085754634
-0.0316113518956504
-0.27026127841850667
0.17884572338304108
0.08525167805174418
0.18228823079588258
0.4629167913633815
0.6164490153278863
0.8490058691077595
0.4647043539672878
0.9337880390641338
1.2426025357418924
1.1578888871953315
1.142322633359521
1.1367690299952657
1.3238169375076936
0.8062506112906593
0.7508838490800833
1.2855886288336973
0.7239875782652001
0.888339373636464
-0.9741773071953195
-1.2308090849313116
0.3212163010193285
0.7090150217582725
-1.183867901007205
0.49519119904780884
0.21894109263025238
0.6780594134952727
-2.112950233825485
-2.766302427944261
-1.6165214496126379
-1.0214968496581132
-2.0594195324437345
-1.8980468586204287
-2.6697359096360262
-1.9755250830763404
-1.791720957738105
-1.6317798843348466
-2.3015477800176916
-3.3750582169759653
-1.7655039566453938
-0.5385026591649678
0.011183680594876708
-0.19253003091188603
0.18722579846838242
0.6593987608817495
0.5345890678638892
0.8516349418095392
0.9325009629342071
1.1032205298071203
0.8648974023333076
0.4170055228724181
1.2207830822745735
1.1979330171424407
1.0508235252974765
0.9861734758548415
1.294443928420356
0.6888925063636366
1.0448900498699965
0.6792934169911571
1.1706144157458778
1.1754304701984395
0.0728337704592638
0.7404200309061764
0.8112807895456684
0.9170387944164503
0.21553318999728008
0.7057074605715856
0.4872921954738769
0.633014343137172
0.9787046416341685
0.7718531043383778
0.49888152875649194
0.6253081020198261
0.21562973830415905
0.05775591261475174
0.21228417881787606
-0.8473984641970693
0.09293726799338352
-0.3031294353189046
0.06696850205956477
0.19671684090982555
-0.4125531178451199
-0.5879982245641389
0.03270588510981789
-0.35428996511124033
-0.15177180634567733
-0.48165876804623214
-1.1736491537934455
-2.658116403689903
-1.0370234876616273
-0.06294880898139799
0.19824101977197434
-0.11404558665536593
0.29244157023824763
0.34644997093493174
0.34787633952812513
0.4802397854536484
0.46682012769163883
0.7188963387490478
0.9509497865161064
-0.10969030140911074
-2.0487382083003634
-0.6892795747430137
0.5134701827421098
0.3224700726554737
0.9008304181939049
0.5710241349967262
0.09981338371836837
-0.07154409381077634
-0.9580053270707976
-2.016331179398576
-1.703654618727635
-0.9935275932859834
-0.6180085395466635
-0.6538324344495752
-0.025823303665136584
-0.058725693823963615
0.0012786138777048442
0.43640298936341654
0.4420033625058403
-0.6318769721798754
-1.7757078326595783
-1.917795076802923
-1.2656545879537973
-0.941151101035255
-0.34341610690343993
-0.6856883965841993
-0.23390122399760088
0.30487464361538325
0.6701329759049002
0.11652200243891342
0.39375657876966846
-0.8447118811622155
-0.06437450260547574
0.3395812650319506
0.49715885343604055
-0.539305818292046
0.1239551077602895
0.3255285770707976
0.46300368810299597
0.872689999771906
0.3101193726180239
-0.10005746298342813
1.0503598212436387
1.1025907252355278
0.5224219630608985
0.4244814422504612
-0.2515604479792479
0.5520044979458341
-0.21282553063363163
0.08409051064263118
0.007626101809055473
-0.17932646333374153
-0.5592469518030019
0.0409645374950676
-0.5834489377384248
-0.6580130648325955
-0.9013288106334953
-0.3886974603652195
-0.8046900161677193
-0.7098525588776312
-0.8858805069655793
-0.5374802267095399
-0.9610716458141728
-0.39397218400604395
-0.03421311873823754
0.10700239924783168
-1.257850434690897
-0.3449802044023521
-0.631086255898121
0.1496620950582596
0.6196964242666378
0.09944212939680949
0.31094525484737945
0.25172808005311553
0.7158080664881051
0.7581079955763297
0.8856103378266074
0.4142494739762398
0.7108619754641999
0.04068859315803884
-0.7521087352101957
-1.4225211276568612
-2.222280241100135
-1.2687725503941252
-2.4338215496145468
-0.19768530451885608
-2.3988915790597463
-1.514627038023281
-0.4538950259205269
-0.5777689472319423
-0.195769977974096
0.20065477173185062
0.19996734963022003
0.48182275815210873
0.5073637033827506
0.45437656914018704
0.3131055106095905
0.036645933748951455
0.22668911113161272
0.5594599374238907
0.7707371861180203
1.2134827928602763
0.17990659430835343
-2.24460959153613
-0.43330433222995085
-0.0006222712672913078
-2.578639707183825
-0.2513015740778556
0.22526297963255276
0.20423830240600893
0.24613505446159353
-0.17128954813845354
-0.3300006707948897
0.01718697451131947
0.4224895656295051
0.46272420154717053
0.30760232414033273
0.22858682173112793
0.10872237161188712
0.7708458390511381
0.9238855169330302
0.4538163990348895
0.8274786699759155
0.9902746360783566
0.5742780472349204
0.6147619380741868
0.436257051932389
0.3395179745116429
0.06124722052616216
0.38855182202646293
0.7321967526173133
-0.751151179461858
-0.5618542748849055
0.053759189597492776
-0.61233521942637
-0.2616593352897586
0.9815604137069547
1.0419601410595483
-0.3654081244159988
0.23980075662385555
0.6150618810068871
0.31170849243201726
0.8915822832837748
0.7779128972816141
0.4511938848830488
0.06005281696943429
0.875743417804806
1.7731668520463064
0.3849728736011301
0.7445619228696378
0.8070400759622396
0.8948068385050323
1.0176210459415538
0.8228370911220512
1.0501865607183283
0.8781061489201403
0.2470203192447989
-0.24728161881465605
0.3253550306585653
0.6438042866071048
0.7877671170707446
0.7840843841000823
0.23139893784544385
0.7563550165509404
1.085356879553201
0.6997161320053409
0.8477972513058953
0.8741487718939713
0.4310736115612136
0.6616555209078513
0.5698016408044276
0.7907219729495956
-0.29877694324934123
0.2533293310444419
0.7938547030305996
0.7332234893023212
0.5111433576836848
0.022688975067546188
-0.7486979294106868
-0.12774555555869097
0.2981137042981443
0.6778745694318775
-0.2304516952321482
0.1371344106447675
0.061777725084491
-0.31021148457864894
-1.6792516401600954
-1.5769535271911856
-0.43842091650313714
-0.023661120304120264
0.4168710897371084
0.12442319968804978
-0.49096921263189397
-0.3698656198340957
-0.07697350031578085
-0.20085721117156746
-1.790886077810547
-0.36172991845517033
0.17779619271989544
0.1256198507803857
-1.2366497600611988
-1.2241106016026706
-1.3232033037084938
-0.9981837896552124
-0.5943267931395955
-0.9982072892203393
-1.715579723190918
-2.156687002107824
-2.322137592042356
-1.880078310659874
-0.7655714601139586
-0.32769839463061884
-0.07128829599179792
-0.24798488980954597
-0.32381541433844047
-1.1601809018314255
-0.6935727405031628
0.026223386907159016
-0.8175459280854661
-0.7546362185388316
-0.29794188666442145
-0.04454272303689006
0.5298967041976691
0.2547385132182959
-0.6811277216198691
-0.20336701346708386
0.28771863817345483
0.5822989030244452
0.6066068817801104
0.6637827489163195
0.6431719398731146
0.699578733300944
0.7557603995626643
0.3160315602932632
0.6480956670596851
0.3949395551740116
0.2743429826605915
-1.1182408728292808
-1.9365304939177639
-1.2992158901792261
-1.3758568219913
-1.717325290197777
-1.075281365522767
-0.17421661563574833
-0.9178966232310881
-0.6335313353756215
-0.6246319058267633
-0.5433961368126532
-2.228391530144055
-1.2730915178920417
-0.6272167476227793
-0.128598752665255
-0.18017335379126145
-1.451658474456311
-1.4477369535871323
-1.2623186441719987
-2.033254675006251
-2.252474772439517
-1.392793128583842
-2.296092623125748
-2.8388391785548075
-1.2327821113902393
0.25362287570173125
0.34472172307633764
0.03647807071100739
-0.24937346862547044
0.2951522811663559
-0.24389624815830596
-0.022343192746642926
0.48704718656476237
0.5653841737356663
0.4711905437702626
0.7160478286828011
0.4264346614914835
0.708348493974714
0.5727840433122108
0.47682740242704624
0.575477519982942
0.06328530756417498
-1.6244899710236227
-0.8978174050824019
-0.45289187662156977
-0.06395942598955455
-0.03212814549996555
-1.2689510548322633
-0.8501787728048814
0.3487385538468274
-0.37551261448026807
0.5491374260357449
0.797753489869333
-0.36775077648161586
0.6040245048815102
0.6338843959976562
0.9433331015178222
1.1120331638500476
1.0104839792567333
0.9704875617577153
0.7433618077162429
0.7490567181762513
0.5016128052731408
-0.24670514909551983
-1.6352961759228086
-1.058747583272572
0.22662463354451917
0.7039288574989535
-1.542538111837817
-0.8469514758171027
-0.5193949297209702
0.1593851401809606
0.3438646788475641
0.381354820910709
-1.5491948579408081
-2.3110356274726866
-0.3793462172033613
-1.735677254461085
-1.1092169259437767
-1.8266115540873353
-2.932242089533423
-0.9578791356765102
-0.44601330909210446
-0.9633537423271481
-0.10707787117050462
0.488512169937095
0.4618008191638563
-0.09535220608275025
0.3561442188139958
0.5455997502955036
-1.304264355267104
-0.3942811783042356
-0.11883257750900805
-0.2083469829668268
-0.6747185858030436
-2.199625772620016
-3.005849733087006
-2.1105586769774787
-1.3951575404856809
-0.8380950498993744
-0.2685707471409246
-0.3700592605681191
-2.208163664382205
-1.3723212520736832
-0.2398915241748334
-0.05119391585112887
0.15751384004512411
0.5037945371744654
-0.1746703847144458
-1.006161186717071
-1.0067743425814961
0.22559457787574563
0.6006687959892582
0.27387875058336797
0.49568710587769493
-0.0665509414720298
0.33683233924804146
0.09572857318769445
0.1712055213823413
-0.1006347822522526
-0.39118799457455045
-1.6060791920932993
-2.229732154037909
-3.204025290972966
-2.493009200624932
-1.1360875430633564
-0.9008186729438104
-1.8388328028705598
-2.2365378865876018
-1.0448876672326144
-2.01066740118496
-2.7499777581470517
-1.979614171163783
-2.369815420823008
-1.901079744927253
-0.13564100712112934
-0.8556546761798625
-0.37974536162784644
-0.20426325326377617
-0.8856861573835534
0.24137566021956816
0.0076632487444910115
0.4587500253828967
0.8794410454613468
0.8670648238573719
0.3737980383595797
-0.18176841008994465
-1.1478661319246362
-0.3707666791726558
0.02472003133508032
0.3171036082502295
0.19779044415458943
-0.19124909173168742
-1.1918913191638985
-2.264706780232456
-1.1185561527371484
-1.1996183223571273
-1.1727039949365492
-0.9100181048037218
-1.5216685897301463
-2.5578021595765046
-3.404512277314828
-1.60434310117967
-0.8942016636062178
-0.7668068369727712
-1.9366816443074168
-1.17079534908596
-2.1571488838452186
-1.9266247469545308
-2.0934123923931054
-1.0011141682373483
-1.2492263481562016
-1.7406046614296469
-1.7327430667100885
-2.1271018769101904
-0.7151844629256261
-0.09112037896714854
0.3943230345849744
0.3606410018925544
0.28872883082383416
0.21908069170370517
0.4346350412949873
0.09578004144025051
0.33560534180368395
-0.7513423089880561
-2.680156860708318
-1.7283477394525861
-0.6865893464467125
-1.1388052809707256
-0.8278193014361099
-0.8037734121547515
-0.411580144452438
-0.9989224231384148
-0.9844128267845693
-1.1256704113746323
-2.008831471416078
-2.848699039966484
-2.7719384811717442
-2.0351743943904896
-0.742384562961201
-0.44053885695234424
0.08839369746974826
-0.08607139575594183
0.0632473600055409
0.1976019666138819
-0.5047297180561454
-0.042803964926199686
-0.14085208244621006
0.4443291386978288
0.1256374944691464
0.5194821746690199
-0.10840166890658026
0.40974159850988734
0.49720924301003744
-0.07997421099886323
0.20649523863579405
0.3274954853540272
0.42856613239929625
-0.5461261578041943
-0.16424130558336708
0.20284641404798479
0.317037500070788
0.4488903443048035
0.4974300745624512
0.1768054859832753
-0.2681352347088043
-0.43408064029753013
-0.3611180984781734
-0.2305038275045631
-0.24300443351873385
0.3225125205260585
0.4877530598946914
-0.23043197102605528
-0.5390467573937298
-2.0234181020137485
-0.11186883901470746
-0.3346076884400909
0.2314913517786478
0.16837081011384153
0.07099991632789901
-0.5813243996317907
-0.7956479398718804
-0.937178617172421
-0.22899852957227443
-0.3854267749765347
-0.12534786192930797
0.15443812753920322
0.3674000761368946
0.36493183929670037
0.27076766088588355
0.2975430931486558
0.12890351341342687
0.17789716933313238
-0.010193497910593107
0.23837972210481784
0.2143873529401225
0.3254374037998389
0.2137944244456868
-0.2270806933500228
0.18818442243169953
0.3690972636029539
0.2004783981085549
0.1241562072039859
-0.04978386302684417
0.36368062979732574
-0.20768907137929082
-0.010465623461450035
0.2844192112027259
0.11152392859852184
-0.8028961087426202
-0.3242698207624333
-0.24409902807887315
-0.06448769732012757
0.014832969844823629
0.07732627822554847
-0.020116244271636677
0.04201280799222365
-0.0576101029925882
-0.3737256019078704
-0.5692187452648557
-0.38124053518551904
-1.1934799345116103
-0.10105854916192551
0.5016421983000177
0.5258133339000098
-0.09142827256064716
-0.5382555719690629
-1.2452446144391642
-0.4797069538716782
-0.09411843240072547
0.07019535030150514
-0.0964875128205784
0.14349636722613146
-0.37994809652912126
-2.0187875543495446
-1.735756654673411
-0.5882140538905775
0.14018978943871435
0.019598593860641233
0.40991648322257523
0.059491043483192015
-0.16059201734818906
-0.20830265103541493
0.003199589083954582
0.12026806382226116
0.10786559714706297
-0.5344102218447143
-1.1926673239866803
-0.24308105961460605
-0.3679946008357872
0.0556755877262079
0.018502830381695715
-0.36848434610311437
-0.05034556673199545
-0.10302149597905869
-2.0088945872993165
-2.277717187349249
-1.667886248461404
-0.09843679905248617
-0.013963552515047752
-0.2728264952632548
0.2730454356042319
0.4271580822866382
0.4894576108890108
0.21223332080115032
-0.32801279275761275
-0.5177121145382018
-0.18635144472050486
-0.7857771578628696
-2.362350630711026
-1.453681020049335
-1.1736675000805104
-0.9264545213821018
-1.6821552103663246
-2.74792205004666
-1.8052711413321427
-2.3092844463687405
-2.6203140728748298
-1.3861253747075652
-0.38337565352677716
0.23704805321609942
0.18858134897925038
0.4093810762087773
0.3235753497648859
0.19559339784750535
-0.6244653578689873
-0.7152626233484556
-0.03428639017188023
0.06033249326206186
-0.33726055453619636
-1.7948181999944695
-1.1731129631375936
-0.10201271702371072
0.1532325384827456
0.5771578132168342
0.470208838422953
0.3162629417585856
0.5503804180744787
0.7429220813536321
0.9130926474902743
0.7790776297230732
0.3821909595650687
0.6340222386761645
0.7521638321678581
0.8354061800461244
0.09893666214987415
0.37314176351773515
0.4531291251332961
0.5435802030050513
0.42103352078796485
0.32796423069719155
0.24848775428374442
0.4879072379442527
0.4508019848892614
0.2291203695908765
0.6346836457431754
0.03236145601707973
0.253887419788996
0.2248348349265648
0.04475616046401758
0.35107092852202576
0.6310706301169282
0.5822872821843066
0.15090614208377817
-0.25937721080041604
0.05810358662461637
-0.5808775666908857
-2.154273288862357
-2.876456122074639
-1.1476110893473184
-1.2736555053032805
-2.7027923788086206
-3.096541835059778
-1.0152701025560267
0.0030721689512402013
-0.2618467101841222
0.11410609816393227
0.29180557188799766
0.2729938720916465
0.2849474191977465
-0.7734850660597048
-0.7353632818039579
-0.19751487738234513
-0.0384194864751686
-0.10899660034046019
-0.028078072564270987
-0.6160417997508075
-0.02092319983742138
0.12468665394478697
-0.6295524460724952
-1.6825118555632013
-0.8132020356143554
0.3941624984033266
0.20311376172013673
0.22381214909792085
0.5082963008787921
0.7821591088888961
0.20085322532239952
-1.2819943220505199
-0.5029201212681378
-0.019189177299627894
-1.2222457239556763
-0.33579588284487993
0.10854342977937233
-0.08880638746509872
0.2832322163207958
0.21291586789125325
0.2228642412129425
0.38056296350965346
0.3529893157419578
0.2731701728575536
0.026324381631404152
0.39777177613767634
0.016641795444781747
0.1099644885647946
-0.1435478721767729
0.17056586002756421
0.262266454354308
-1.3388158172800746
-2.408475667224666
-2.45753298508775
-0.861654083347497
-1.4052509238919253
-0.2520099277186558
-0.26540928019593957
0.2412264907618692
0.0594747934058119
0.24635954904289376
-0.07898089735946545
0.05002568286354287
0.009329859854918306
0.12126414126271298
-0.8551655882905509
-0.3503694463697032
-0.4167037633259354
-1.1103464138649606
-2.3148596529644
-1.0190468695859496
-0.26241576171186876
-0.7365067586084132
-0.47618653120867105
-1.8610410843562708
-2.3348869897404017
-1.4291204631438696
-0.21137760901552452
-0.3129660762018123
0.014418146493811117
-0.34690198687682494
-0.30688617560377585
-0.19705900037850205
0.044562371777377645
0.2178125063693898
0.2717667560202288
-1.2319948170620254
-0.40120723440961265
0.22810127652934986
0.1425979338325215
0.3671167250949756
-0.20741210398819038
-0.42492597387105613
-0.5847291697235693
-0.8262421782376077
-0.5239408863122443
-0.37133288138125564
-0.32341624630143295
-0.6682533691341932
-0.06989566359990959
-0.2005928653124356
0.3628550141554978
0.7556980090357865
0.6691923090539871
0.8254670684317029
0.587040316550627
0.8704920668079756
0.5710537625448495
0.14260592540745848
-0.024605291477191697
0.09508655456968984
-0.5541616203349633
0.14229215679683777
0.04499232302904458
0.14980151361319194
0.543235666390493
0.47411190170426243
-1.240960683605368
-1.7967956761710926
0.11959745456158158
-1.1260358722297343
-1.2394720840438223
-0.4913104897241315
-0.8874718063666807
-0.7232285670153844
-0.177149610643312
-0.07819276358383237
-0.2789727531011117
-0.6928232438199242
-1.0020510879335873
-0.5191832019041995
-1.721312174959086
-2.6420438943329443
-1.6300730810953494
-0.1801361977858924
0.2435236855764608
-0.0035391856127755684
0.2551119483739283
0.34337568531238716
0.5122458400105303
0.4501071978535864
-0.17473854988633802
-1.0654263531650678
-0.14147175095442233
0.26039018272049963
0.19911263799003334
0.09514978798599795
-0.8881656439792673
-0.2847713830959485
-0.3055613069226269
0.19267321113198302
0.47973734762981257
0.12038126760476332
0.4855703980053072
0.328751140984243
0.3682118243074826
-0.0649052465356987
-0.610405479719452
-0.3900923457024894
-0.5465105304010027
0.13159218823038293
0.1725239206427444
0.5557714117162296
0.1410787155728713
0.47143251711870016
0.8510241307456847
0.9887686306462254
0.7532235457433365
0.9247564775554323
1.126107007271477
-0.27316209140196185
0.6202129238574023
0.4995913212705657
0.6671764481379805
0.24883822170069358
0.040628386263491724
0.4168753085460291
0.10800879023976628
-0.12114235680812106
-0.34684602652366353
-0.21708820580502458
-2.5059749557266793
-1.6468593935953364
-0.20494368080409828
-0.33650680212113426
0.17966350772536283
0.29420400251468726
0.5224052145870257
-0.9470738569068216
-2.358410472485529
-0.8779715760575117
-1.6294786307636793
-1.8106087816791212
-0.5290823092041643
0.23165014299945308
0.5377907768166318
0.31979687636767257
0.14173377474665957
-0.4876450954841334
-0.008185856080902776
0.3057500122498128
0.2874725979448193
0.22940386276727662
0.47512796575227845
0.7122006213415404
0.30988817556203185
-0.24073534793239462
0.165228828991577
-0.8992389846122885
0.02001531447379034
0.23730970974601803
-0.021005059999616237
-0.656198561689949
0.26732908225284263
0.38667441246875833
0.23400151205176956
-0.5445394185015728
-1.1312797630625226
0.46468533546671587
0.8241834662611244
-0.2862884737959791
-0.5582017060936104
0.11412278186311324
0.5988574519881664
0.6554603031796906
0.4574325214478713
-0.49579218947515513
-0.2041234794639475
-0.10829173081305267
-0.07274804498865847
-1.5227991708688342
-0.27533354252616865
-0.31136340949795216
0.22963220006360188
0.04201415867538469
-0.5311128439495614
-1.2704009535932745
-0.16332235635427775
0.43278883613697067
0.5124069508885476
0.4533883362107873
0.7411518198772757
1.151967482508529
-0.18327811180397147
0.24633618862122397
-0.3786256566401163
0.23974795750124797
-0.3445949867232335
0.795888237365445
0.575976796821045
-0.5382811012459303
0.1824875892311634
0.23618109206301882
0.029627898266442996
0.251283155210533
-0.3481536056918285
0.7944281020757069
1.0499395835927512
-0.06637067511734664
-0.5966113314271171
-0.7068403823060061
-1.104230190087577
-0.7832398359624062
-0.7719844597935435
-0.08839868868575036
-0.08062642657691535
0.21677326335322833
0.16513114711953317
0.0651631757933579
-0.47859686959357517
0.2756436699506425
0.11444387050755718
-0.2390285294173919
0.2934416690573002
-0.09176518470270338
0.5270017125210367
0.011197459867050594
0.55495229285453
-0.46913312586241696
-0.5934989545854591
0.04632214035162792
0.033999067538947124
0.12549624411664623
-0.25742881115994043
-0.42779349826365615
-0.21074260132430447
0.27016999720045054
0.35942440276787646
0.7888616409203805
0.5887133386617849
0.17062050208350005
0.5682671276033411
0.673132446178967
1.1469615585405009
0.6957630893701111
0.7162910417480052
-0.8266710591608029
0.026421779158672703
-0.6086898738604514
-0.17777174318209887
0.2846779622552078
0.5283485781533538
-0.09322737628395286
-0.7398435867443541
-1.6345555436274077
-0.738503583064832
0.015080928170082445
-0.19171336627559393
0.11273590564801558
0.2951421627372414
-0.16671883198712967
-0.2425141717148241
-0.018372006003947665
0.17686551377962453
0.062689410684014
0.47472949632015765
0.24472020686298207
0.9867438575622507
0.9552578703708765
0.9741991412774984
0.9309465899154051
-0.2295346907510254
-0.4800147134015499
-0.2826649276543604
0.03600340418728967
-0.3104325689620348
0.28131924145515375
0.6005975220645644
0.9430014422320133
1.0237414655263495
1.0289607129348917
1.016738327392287
0.45320045395418795
0.8239305579678635
0.8165039623293657
0.6168122218517086
0.4202358016620898
0.46088184194393145
0.20131979024077745
0.30390138490215557
0.5826403867152378
-0.3723737075844141
-0.19601607025432363
0.12358771084986445
-0.4403965541972132
-0.3988261531890299
-0.4056148451196437
-0.2506748468932549
-0.8005090087901514
-0.3047934720563982
-0.003918893435249593
0.25553190205264936
0.19555289052789807
-0.28067720958979814
-0.12055275310520344
0.0863116459471547
-0.38386873156346357
-1.2124172131103763
-1.662320046019139
-0.968887305295375
-0.8536366344241952
-0.3532655645920876
-0.2941373065939765
-0.398528963001901
-0.5270786085380416
-0.5507658545986134
-0.3324992313275147
-0.09684337424657166
-0.011379740702552099
0.34255003770046644
-0.09112278482702373
-0.12684045122573961
-0.14832615764994134
-0.31782799879015144
-0.2334704757828096
-0.6447006266197108
0.3202542097657039
0.5076634152792936
0.4613104819126003
0.5012236910120615
0.5735971212483109
0.1947872531334892
0.5050898957551913
0.3367105395511359
0.6082788751914437
0.7106339050479314
0.4182707071545113
0.4532177520429366
0.4383497810306467
0.24835611442512778
-0.3309909397715887
-0.35397421672434454
0.0011962761576910837
-0.3594606444579115
-0.15742987996373814
0.007299292766326279
-1.43925250253851
-1.5276520818978483
-2.115008382222541
-2.424760170888908
-2.3679533981535665
-2.792181008584526
-1.967955259331029
-0.6647104029322194
0.11949652460111268
0.15653219591014553
0.3514046839002456
0.2511564994011063
0.3175563358233603
0.5698054776455366
0.6445080637372358
0.450496972603172
0.19469410139472887
0.27019541339032327
0.005294529682436266
0.34033768457003977
-0.16129857439705936
-0.06571336935692636
0.36727731435867783
0.25220828531251693
0.15793952824118906
-0.4840486311272656
-0.1505719890780051
-0.04432202584684326
0.46318548646653485
0.43738897904585017
0.5167796308465907
0.6006746090332993
0.4410856902313818
0.3835121428306093
0.549251596387769
0.4655455550602865
0.03599430406581423
-0.0011972925805060208
0.2459163598252902
-0.38112134316829305
0.01355449111164684
-0.2416375975103301
0.059354408106674764
-0.6591963597557888
-0.2989599739314164
-0.3346611877227163
-0.731898653890857
-0.3045573590396443
-1.2910230080440384
-1.7021401673947794
-1.3993314955590712
-1.7457901840840433
-1.3504474678319012
-1.3936965207361207
-2.3564155496694226
-2.5542255409689845
-2.547025036120289
-2.9504327696425676
-1.6788088674446724
-0.6657860685356354
0.05528182758669819
-1.3723463960204825
-0.44830291675101785
-1.3444353641632139
-1.752593906750004
-0.5085246239565971
-1.9890222126394619
-1.3855885227159437
-0.5753692521535211
0.12475312065661713
-0.11374686929811251
-0.5863546213896861
-0.3741952465377456
-1.2126282481059105
-1.1371900472832273
-0.9038640081794992
-0.634416948131198
-0.7719776045911466
-0.32599627158436345
-0.021763135969652455
0.006488791990852186
-0.14949082165665478
0.20471049289730306
0.49586715781392154
0.6326108002263329
0.2353194456741322
0.13622577008260783
-0.03321112410158707
-0.12774170747868774
0.14319611880189687
0.006434545987701799
-1.6525035012415688
-1.9355689359722135
-1.0350271379364848
-0.11130950785972168
-0.4529994971959015
-0.33987719255730925
0.3345736706563036
0.35066866886580433
0.40451023787170615
0.5698093833846196
0.46839196548759987
-0.6463212452216045
-1.3408279662309108
-0.2503456499867481
0.19772200767711212
-0.8723212479135625
-0.9083000998946065
-1.146910184463532
-1.7940370055700887
-1.9386907064326253
-1.2546070654725672
-1.2323354581463413
-1.0832111065473289
-0.8673838123571832
-0.5054476920685328
-0.12543745332213935
0.28661613696472044
-0.3779568934981308
-0.4939707409572281
-1.0999912834886505
-0.7059579550408599
-1.1090024206397868
0.04448957775935553
-0.025038792060702093
-0.5664206957926042
0.11350333815094923
-1.0254073840285844
-0.17895632387725863
0.3970961933483355
-0.6161893366182443
-0.8920419722577672
-0.5980287804925588
-0.1798388096580773
-0.5627978246134152
-1.4851132822479545
-0.947448678532583
-0.49882384384089906
-0.5384673223884104
-0.6575713783866115
-0.2786087471759968
-1.4685539147162396
-1.9029246604685033
-2.5346138550640926
-0.7307628789382608
-0.0880301486882909
0.2852686645780994
0.6818197306880751
0.04597597363753762
-1.0423767738937277
-2.0528461804927822
-2.475042567719653
-3.1871520015269024
-1.6552415541673926
-1.392862233090847
-1.2000260631629132
-1.38638992034424
-1.0883152644637446
-1.6352205154788182
-1.1102204761931123
-1.649069854060262
-1.4812040232458248
-0.29616117349833365
0.18520043563698294
0.008861120795340686
-0.31143243302678925
0.11026801264851206
-0.8112867913254407
-0.27216024006013034
-0.1469183187402105
-0.6329637567683483
-1.0844551559301998
-1.3591348993142571
-2.4559432520346247
-2.306081028697937
-2.345270135109754
-2.3046580126811698
-1.8589660975410978
-1.1993196303458549
-0.897278770509818
-0.5768097845762398
-0.9106519189427897
-0.6381341468402418
-0.09081877675379879
0.27332944261044545
-0.8965536884948295
-1.1955839713930807
-1.5658644715778576
-1.883399539048268
-0.8070005493276462
-1.080116239262046
-1.6310930792333347
-1.281502596253092
-1.7574696992037864
-2.0753493448165026
-2.0331730957156604
-1.5630199969903096
-1.1857840662939503
-1.494626086506807
-2.1530208518966587
-1.9587008878359156
-1.0216890756377306
-0.696165502651333
-0.6388937697537218
-0.8290637553624548
-1.7707639330307088
-0.46509316474383916
-0.23590115134496054
-0.08738978706982628
0.11437945432760235
-0.06915278870973415
0.263053189192684
0.7731456428340683
-0.020396985188272723
0.5671809885411088
0.8752384162528956
0.6920033061255974
1.2827221165443803
1.5293342873042741
1.361643246536047
0.9357025775279204
0.9888225800118238
-0.2588985567488823
0.41570652713700773
-0.38595946946543985
0.515323643885065
-0.0996278145153158
0.19560638914902762
0.4432780163708736
1.0001387755577675
0.7082020982720146
0.219307834318859
0.007174897834593019
-0.737702650260231
-0.16992015543554886
0.6504954300775009
0.049028988043290145
0.41035917363645125
-0.04637090507627878
0.3738790225771113
0.8178128717922666
0.8505025968128624
0.7055916418067368
0.8460341090661861
0.7130887176091516
0.8356411555716482
0.46825303120066125
0.8774316560491191
0.9165924725030896
0.7397953624448057
-0.5671631895374619
-1.1076091540313946
-1.7619154785853257
-0.5700869041210535
-0.7065699454056702
-0.5774533560278625
0.3344752485452108
0.4037635975322965
0.40782900988558457
0.6427207749813614
0.4583100568461597
1.2159634250905724
1.0236524080712643
0.4934121443728384
1.1337200767917819
0.7141310910399592
0.7408650154906191
0.9562104264550981
1.2256627475172652
0.8969063692829081
0.4803107658265524
0.8625484067729432
-0.41128282611887534
0.18237903612283018
0.602916986087168
0.738332215898222
0.5276517634405893
0.43882418953715563
0.29931604899610487
0.3495089852810557
0.4013049295482912
0.5998516154448688
0.3194264793401733
0.999201387992847
1.0238107292540486
-0.2543697648317481
0.5682411108618788
-1.1099423364399867
-0.2641606279202876
0.48530725153326176
0.7775144414721901
0.7576380467881934
1.144094912511719
0.8995373236614834
0.13749584423469952
0.5384931482593417
1.1795960085858934
1.1684622365404955
0.8195531821401478
-0.15860905981965406
-0.7356901950258701
-1.7774906682504104
-2.15283207737997
-0.49017057818604914
0.753620259521765
0.7466511996812089
-0.7504561525991993
-2.185579383930466
-2.1444691914081124
-1.1505406091259456
-0.895729560730164
-0.7075192433798013
-0.625825782024477
-0.6555508346705128
-0.5293188288818631
0.028343256017639484
0.0310578084407602
0.06320093142148006
0.23356573831893235
0.2604814022445032
0.6735214968579993
0.2926335553546617
0.5469293874992396
0.9065307512111066
0.9080272454052783
0.8962638141054928
1.1530012290465033
1.243322123266771
1.08010712209547
-0.09359801642320047
-0.07333309019702182
0.18236521571949843
-1.3416688875853735
-1.9385672473994358
-2.715655934328639
-3.498042986145353
-1.3979741736612585
-0.2520952678500535
0.3555940102219026
0.3768117294356031
0.6039843085093819
0.7843181499724601
0.7148597804074632
0.6889714292638515
0.6565332931305187
0.7810412585810482
0.8056159143977729
0.20011410367477095
-0.36399555326116834
-1.2664009928300657
-1.6228083305066874
-2.1552436002204183
-1.9973214682914533
-1.4412558591371352
-1.0924413599070695
-0.9233833379724474
-1.9027942514652467
-1.1475302893511614
-0.25223636874347666
0.014805973856893966
0.7297143631484975
0.40265657371551666
-0.005594236204297526
0.06520638571910661
-0.29404291414752753
-0.3324844953149896
-0.16339869660693926
0.3246799307906104
0.2847516604024194
0.3274247693276388
-0.008945170302843496
-0.8563519396005349
0.43030300338221944
0.6199599124737118
0.9996990154118196
1.2093654145215327
1.374089903770122
1.3183296747601192
1.4116507453319698
1.191839344393083
1.5297676894684185
1.3756183075331128
1.4220751086513816
1.4645138551846082
1.5949275573100827
1.404514201859251
1.4646465427405422
1.6254928119278045
1.8538114920590925
1.7100666151425847
1.837159731370094
1.9634855501173871
1.8323890188223872
1.2667244478184732
1.7387214399561555
1.506850729974802
1.3509537399610085
1.51004873058005
1.395469590607806
1.5487812813023585
1.6278380358498292
1.768232724601099
1.7137714379958817
2.0645391219919365
1.6118158812242211
0.9840456143666291
-0.14525346824411384
-1.9224994444721621
-2.5075384217304446
-2.0534754643551185
-2.7892825963641665
-0.11230092825463082
0.7916154701931291
0.6137131480706648
0.27497145766123576
0.6254172092867458
0.7247935574436897
0.7243689164200413
0.8198038764769477
0.1205848826844507
0.1531862748368992
-0.05324828827951893
0.14183987164983763
0.5583344303274376
-0.381840603984808
-0.6542852889745893
0.1008548805898401
0.6973719871976334
0.9080534769391024
0.3143124543102748
0.5360835552613494
0.4733588687206153
0.9853048321438107
1.0227327351845394
1.311444045414917
1.3012734327827975
0.4921566238941144
0.9971504881503923
1.5819596048230584
1.3532312549503283
1.029405734964722
0.8018881211502649
0.8568582572899993
1.0866939674707219
0.9647958883298702
1.0384856608442938
1.349654849990464
1.2446895651128065
1.2184411416870788
1.3184634112876885
1.3366568547652982
0.6360216196823558
0.6670721090122463
1.1334384584331896
-1.4191727353662467
-1.4708365990552126
-1.1776698614216978
-0.35693987046178427
-0.8997551079734635
0.061250016443899984
0.39732872413093834
0.11359446227405684
0.9439066341163121
0.878423901702402
1.2466648674408827
1.5159528057484208
1.5063965585476542
1.0022323545657532
0.6046840759725781
0.5506371955843807
-0.7285239737727254
-1.5303670306861943
-2.4062296104376912
-2.0860352319333693
-0.11480184238583878
-2.0562445902332573
-2.217098842008604
-0.9351514525940656
-0.7577290044128882
-1.6868082964583258
-3.0562767095928436
-2.0834698947471515
-1.2121984636658856
-0.7567796764088771
-0.10679503682119844
0.07781706216551026
-0.3371396904951607
-0.7490280098894809
-0.9023154565473486
-0.1078393733849811
0.3340659791322248
0.6482340892868964
0.9154549042252087
0.8739855647149755
0.9537828454971755
0.8495581494278621
0.9608755984733204
0.2083737133994662
0.4707830127999818
-0.39888128488112234
0.2900006412273587
0.4207184457880427
0.19645426413708605
0.5563960989136769
0.8917073365188581
0.9887760644841348
0.3296737121814361
1.0714643538440303
0.7055612981470677
0.7072764383827874
0.11683822945849892
0.2127248598747778
0.1501161636841796
0.06683455186689155
0.03296836019823974
-1.3580194390431317
-1.006469665177637
-1.856423598417988
-2.4624177270096683
-1.2853907005972032
-0.838261616978633
-0.765301518056595
-2.4813189806839127
-0.9043707022995642
-1.2674229971402884
-2.4746475253208793
-0.5764230650153305
-0.34079496402149856
-0.6169699902782023
-0.5599084465385015
-1.206924600139311
-1.1284664937052402
-0.019008871244165775
-1.0571936731276612
-1.3972523192921735
-2.405168252826747
-1.5279287501678651
-1.9657110351994058
-0.6683536738091288
-2.753919337456594
-1.0331112249875645
-1.8015052030036096
-1.8366638508552509
-0.0640015432034906
0.9899534601747022
1.0793647785848133
1.2649326299384367
0.9760579027088849
0.8452630949510568
-0.36479117012656265
-1.164996648087991
-0.7097251324135668
0.4013876279415495
0.9295748391944934
0.7623941970733783
-1.1444916154491227
-0.4891652701347238
0.42340465029349084
0.641856047619639
1.0631329327137882
0.9981971323273305
1.086884863507174
1.1908575666849048
0.9004954200867541
1.1908581630923754
0.9263427010059759
0.9228101206255508
0.949343882730053
0.759223053589998
-0.7267462746680607
-0.2085131045358675
0.5921676242567505
1.025567116675266
0.3754012333940101
-0.6050181394905373
-2.8606643839312107
-1.2407817152614538
-0.22347863422074654
-0.6806591346554915
0.5405371280563088
0.6988130149434137
0.5624843864068894
-0.18055255301993212
-0.2888094210338824
-0.2500944153937654
-0.6296915786408703
0.08832348236120069
0.7841835411495914
0.7165836484920893
0.34677714997897874
0.7316210953932071
0.8479130149803571
0.8643827962654886
0.38858385347618785
-0.6199966094019447
-0.3543752496984249
-1.3948707856179312
-2.107937856891515
-2.5021610722425516
-0.5811824718596985
-1.984083428612294
-0.3194286901673463
0.41055899640702087
0.8309246480081018
0.7414914334625007
0.53232340788512
0.5814689667286463
-0.24474915110000384
0.429214388161947
0.6867335282185134
0.3062548752344041
-1.0820437991551108
-0.6123718625405179
0.16535672125181758
-0.19780385627800895
-2.2811668735603963
-0.6560685160210766
-1.4258982375885232
-0.47306337072217286
0.45168601001452635
1.2342434129417998
1.010500630540906
0.7584295001159977
-1.029270784197731
-0.5432091430197205
0.5299633758474884
0.04454988142879132
-1.929637232043126
-0.2035474733314289
-0.3858848357089629
-0.9837076915671932
0.4455509645718239
0.32653961234805445
-1.8561235770697655
-1.6559645446737326
-2.820295342240119
-2.1701764050505776
-0.6426523082294768
-1.2026756366400781
-0.8834211440103659
-0.7352961431046801
-0.5066473300960834
-0.41287778267871056
-0.41357114104849046
-0.15105663263196667
-0.6892873490361877
0.22352017495919457
0.030898311929421073
0.31617784977099084
0.3778773916328421
0.1502134665165838
-0.46652004724180585
-0.11982823983630345
-0.5070112800163461
-1.5465648352221875
-0.4179010881999231
-0.5803357688037337
-0.7022136272303707
-0.2092507732591729
-0.9395470646427171
-0.655681771141412
-0.04781133380393998
0.6211907161173335
0.7995810621337784
0.8698757464844226
0.6056968811241881
0.7597216008870512
0.042992127098541874
-0.2159635622291895
-0.12269586013303521
-0.491406620968814
-0.500341774662313
0.017538887312439397
0.2574631168666687
0.031597852557553
-0.5552300939956065
-0.47776035160275443
-1.7612981619976364
-2.9920367440445883
-2.883915044732182
-2.9114223474699266
-2.535817257697637
